0,train,0.26003064811229704,0.5025348192481827,0.4638382997170231,0.5480247854242986,0.5146604253176137
0,valid,0.25925150513648987,0.5079957675724087,0.6366336346777932,0.3267956679712348,0.44353437811123175
0,test,0.24827488760153452,0.5070702160493827,0.6196712748296984,0.3414066776135742,0.42879356452726025
1,train,0.2391541764140129,0.5128288898896325,0.5298314039174944,0.4872337596169504,0.5170038168345595
1,valid,0.2380709946155548,0.5203239702801565,0.3672719481248322,0.7441914372890859,0.5854601847024792
1,test,0.23524432877699533,0.5152355324074074,0.38202279752704793,0.7100574712643678,0.6096790890269151
2,train,0.23244495540857316,0.5181294758218608,0.5393992429609713,0.48850016127365736,0.5193028141652258
2,valid,0.22968720396359762,0.5487315290708583,0.5778295268769977,0.5136514700650128,0.5259005045723932
2,test,0.22961300114790598,0.5506462191358025,0.5643060564428416,0.5305966064586753,0.5410757418909593
3,train,0.23002625554800032,0.5490971998278216,0.4379805149720174,0.6760879370028836,0.5900726075795437
3,valid,0.22960025568803152,0.5648640806559876,0.5609490520459703,0.603570985757566,0.5204736694514446
3,test,0.22932584087053934,0.5652492283950618,0.5413511076764554,0.621584564860427,0.5484881815044859
4,train,0.22930272221565245,0.5619819376037936,0.5680973682949737,0.5598225979289486,0.5515424493657668
4,valid,0.22895877559979758,0.562273943295529,0.44643891979601297,0.7671972539379628,0.5620063198586218
4,test,0.22902268171310425,0.5618886959876543,0.44819394355715836,0.7615674603174603,0.5898507591442373
5,train,0.22868339270353316,0.5759815820951499,0.492873874481752,0.6843402702313559,0.5839578855439744
5,valid,0.2287945399681727,0.5734511887743949,0.5560495357831297,0.6354931483218509,0.529761490267079
5,test,0.22864832480748495,0.5714556327160494,0.5334778750930219,0.6526737821565408,0.557912784679089
6,train,0.22824283093214034,0.5847869292150681,0.5135394748051366,0.6766260398168837,0.5934140247982373
6,valid,0.2283286452293396,0.5792881861494388,0.5160058743869409,0.7096769846147211,0.5533960300447358
6,test,0.2283275326093038,0.5751043595679013,0.4947964966512107,0.7221113847837985,0.5854544082125603
7,train,0.22782489657402039,0.5897658526311901,0.5287149746978399,0.6712005016145179,0.5925166851109712
7,valid,0.22804261247316995,0.5815075025001886,0.5083552174072176,0.7285676165216548,0.5566952296171386
7,test,0.22815142571926117,0.5764346064814815,0.48825598202530196,0.7378749315818282,0.5877587991718426
8,train,0.22745760530233383,0.5925129116051375,0.5209702560779795,0.688184194846243,0.5953266595257138
8,valid,0.22782711684703827,0.5839949241819015,0.5195835773369446,0.7196997876033682,0.553465665175471
8,test,0.22793292502562204,0.5792663966049383,0.49937711088213405,0.7298412698412698,0.5827316252587992
9,train,0.22705601155757904,0.5961538031256348,0.5217592684595469,0.6965039350143658,0.5976136704260848
9,valid,0.22761759161949158,0.5861424749642623,0.5199244198814142,0.7254167070974975,0.5550879755185465
9,test,0.22780082126458487,0.5814494598765432,0.500529509416681,0.7348932676518883,0.5834993961352657
10,train,0.22670076191425323,0.5984699099756933,0.5243638912625631,0.6990948712461958,0.5987989064113729
10,valid,0.22752160330613455,0.5882877044883462,0.5159216168899299,0.7375708887235717,0.5584304617938386
10,test,0.22791252533594766,0.5838952546296297,0.4982973410040643,0.7458607006020799,0.5866136128364389
11,train,0.22645016461610795,0.5989850068402562,0.5248619777140109,0.7005016407158245,0.5978422116970512
11,valid,0.22752473751703897,0.5900259400612425,0.513910493375302,0.746045864734612,0.5600151315257057
11,test,0.2281125783920288,0.5864112654320988,0.4985545824031141,0.7531280788177339,0.5884489302967564
12,train,0.2263257697224617,0.5982155046518004,0.5247048453609677,0.6994945972800815,0.5960634698353935
12,valid,0.2270942231019338,0.5919117689729012,0.5179842099163068,0.745429968410044,0.5599944291895411
12,test,0.2275025596221288,0.5887407407407408,0.5037165836624878,0.7519704433497537,0.5877372325741891
13,train,0.22604814618825914,0.6001921735535665,0.5269809151973637,0.7006162822890506,0.5987987288346277
13,valid,0.22708754241466522,0.5932579053352187,0.5274679440255716,0.7355055471100043,0.5569944724762441
13,test,0.2266683131456375,0.5910543981481482,0.5139182265727861,0.7430569239189929,0.5839717046238786
14,train,0.2253624305129051,0.6083729832609057,0.5330686962620832,0.7108167101305636,0.6083824569802578
14,valid,0.2275536706050237,0.5943717224316728,0.5346187748578679,0.729195642095503,0.5535748229479751
14,test,0.22659181555112204,0.5928759645061727,0.5211914677428588,0.7376724137931036,0.5807194616977226
15,train,0.22454982697963716,0.6183969507941942,0.5385084796782422,0.7277912865278547,0.6171965675125475
15,valid,0.22672058641910553,0.595583612690319,0.5340613791084108,0.7341180957617708,0.5539719313962219
15,test,0.22640503446261087,0.5949093364197531,0.5225077279752705,0.7422495894909688,0.5809049344375432
16,train,0.22421308010816574,0.6199020468916256,0.5387043174270717,0.731795358294737,0.6174853516942952
16,valid,0.22677695254484811,0.5966167660616565,0.5373828782665984,0.7322643421634268,0.5533885019224942
16,test,0.22616108258565268,0.5965939429012346,0.5264704619611884,0.7414244663382594,0.5796788733609386
17,train,0.22381942570209504,0.622752890594257,0.5430604652997078,0.7330228300204993,0.6196167609717568
17,valid,0.2263204405705134,0.5984490125947606,0.5294306480735915,0.7486940841608176,0.5589856608091601
17,test,0.22647484143575033,0.5988680555555556,0.5212089987978705,0.7565914066776136,0.5843448067632849
18,train,0.223838210105896,0.6201971084113133,0.5419393182581786,0.729146289144491,0.6159916649027376
18,valid,0.22633564472198486,0.5991620257620981,0.5149902093550984,0.7709438442712208,0.5670247543479611
18,test,0.22716965277989706,0.6003713348765432,0.5110807000973152,0.7758894362342639,0.5928592995169082
19,train,0.22390848398208618,0.6177461142656633,0.5396081558161385,0.726715185691055,0.6132307016696477
19,valid,0.22665157417456308,0.598925257417871,0.5058839183319913,0.7828123146920248,0.5717749994824416
19,test,0.22796609004338583,0.6014818672839506,0.5056249642223367,0.7867063492063491,0.5984623015873015
20,train,0.2238381326198578,0.6173931272117184,0.5390258995711673,0.7268913658967099,0.6125095625077246
20,valid,0.22652509808540344,0.5996576144041813,0.5077150891833199,0.7827516684456232,0.5709026783176905
20,test,0.22784151633580527,0.6027984182098766,0.5079311923979621,0.7871250684181719,0.5982110507246376
21,train,0.22332771569490434,0.6216187256808647,0.5414176619537745,0.7339012422577642,0.6162447561587167
21,valid,0.22601368029912314,0.600572577041595,0.5130320803747895,0.7779835257840886,0.5688889056180495
21,test,0.22678791483243307,0.6039128086419754,0.5124248669070925,0.7838054187192118,0.596128795721187
22,train,0.22248523235321044,0.6293654135194148,0.5464668482315601,0.7456366254047821,0.6234511756290834
22,valid,0.22586668034394583,0.601035668067804,0.5151815996876754,0.7764619788465892,0.5679610645517662
22,test,0.22629818320274353,0.6050524691358025,0.5149486232755167,0.7832909140667761,0.5957039337474119
23,train,0.22188514620065689,0.6345060560773155,0.5511229725497482,0.7519692100399191,0.6276890002571311
23,valid,0.2259571005900701,0.6011900317432068,0.5121986555401019,0.7812409030630397,0.5694008179304815
23,test,0.2268174340327581,0.6057708333333333,0.5132692197607189,0.7876423097974822,0.5979231366459627
24,train,0.2218770444393158,0.6330352411705291,0.5518198044688133,0.7483616943731106,0.6248416459375412
24,valid,0.2263098657131195,0.6010169045634004,0.507277407705634,0.7876983806104517,0.5716874850613824
24,test,0.22780836125214896,0.6061302083333333,0.5100155990611941,0.7933887520525453,0.6006815044858522
25,train,0.22216010093688965,0.6293001718232586,0.5508588515504419,0.7416185640126478,0.6198084550681113
25,valid,0.22654670973618826,0.6010836407388565,0.5058461740233755,0.7899281409364858,0.5724308871327453
25,test,0.22837314506371817,0.6065254629629631,0.5091118552865075,0.7956362889983579,0.6020725500345065
26,train,0.22212108373641967,0.6291385592275269,0.5518009331813155,0.740038758073376,0.619505597929313
26,valid,0.22706360121568045,0.6011695272950958,0.5047496827953054,0.7913432200191912,0.5735789257745968
26,test,0.22941091159979501,0.6068572530864197,0.5084549773885167,0.7971278051450466,0.6035563319530711
27,train,0.22191586643457412,0.630233470801411,0.5521133492714836,0.7416457311313489,0.6215367651341557
27,valid,0.22741352021694183,0.6010983420412759,0.5029425310494595,0.7934375370615951,0.5747683690887773
27,test,0.23007402817408243,0.6068584104938272,0.5070582174137043,0.7990736179529283,0.6047058316080055
28,train,0.22150988280773162,0.633195930367186,0.5519378077849222,0.7481771046736247,0.6256858457838308
28,valid,0.22615490357081094,0.6017303046071174,0.5074745168728497,0.7889753210207977,0.5728882205589254
28,test,0.22757531702518463,0.6077905092592593,0.5112069952487264,0.7956102900930486,0.6028705141476881
29,train,0.22042599618434905,0.6419536070098775,0.5560271965292852,0.7631334025514143,0.6347018610753196
29,valid,0.22619527081648508,0.6024820054124005,0.5161865895615255,0.7791149152030705,0.5688117423650726
29,test,0.2257507493098577,0.6087993827160494,0.5187575133092908,0.7878024083196496,0.5980590062111801
30,train,0.21928415149450303,0.6520901138053845,0.5648545301026304,0.7756024026945589,0.6439039767956916
30,valid,0.22638365626335144,0.6025967142589093,0.5179640033672499,0.7773757156257075,0.5674115116281259
30,test,0.22582882146040598,0.6091936728395061,0.5206243917797241,0.7863026819923371,0.5970000862663906
31,train,0.2188185140490532,0.655129100069468,0.5692683701970456,0.7777240315354447,0.6453278759264179
31,valid,0.22625028093655905,0.6022622596288695,0.5109237366713026,0.7865373419154511,0.5703672406232533
31,test,0.22681182126204172,0.6091410108024691,0.5152051491213006,0.7940065681444991,0.6008971704623878
32,train,0.21923649311065674,0.6499302389756805,0.5664624985923561,0.7706226462586503,0.6378361350208334
32,valid,0.22713962197303772,0.6024682713009298,0.5133553851597004,0.7839309010145443,0.5690074735433555
32,test,0.2259194701910019,0.6096041666666666,0.5175360638845956,0.7921428571428573,0.5993982919254658
33,train,0.21855638176202774,0.6555030145428251,0.5718655600235576,0.7764882027114515,0.6433040337623115
33,valid,0.23229263226191202,0.6031095188998783,0.5238738470829368,0.7704782158682923,0.564951697685667
33,test,0.22717406849066415,0.6101070601851852,0.5260944387200184,0.7808511220580185,0.594211525189786
34,train,0.21766730546951293,0.6614682347166799,0.5766421139662471,0.7830960214344114,0.6509206999080862
34,valid,0.22935627400875092,0.6028005981108826,0.5155803930898177,0.7811250013476942,0.5690507602462449
34,test,0.22626624504725137,0.6099818672839505,0.5197063369397218,0.7893158182813355,0.5994241718426501
35,train,0.21872318387031556,0.6524593668891822,0.5698113626101717,0.7718264875687246,0.6407212243987607
35,valid,0.23357891539732614,0.6030104785467376,0.5197986055193616,0.7762658893165573,0.5664460299506343
35,test,0.22779259085655212,0.6102874228395062,0.5232769477359894,0.7854939792008757,0.5963940648723257
36,train,0.2176407292485237,0.6595197206078522,0.5754222392808391,0.7805660736812079,0.6482776476337543
36,valid,0.23101126650969186,0.6027077477798132,0.5160806004928873,0.7803783786697717,0.5684071057945839
36,test,0.22687853376070657,0.6101246141975308,0.5204433568034804,0.788768472906404,0.5988634403036577
37,train,0.2180573657155037,0.6562834110645939,0.5733445875529917,0.7759874579603901,0.6446447825821363
37,valid,0.23463297883669534,0.6027849296175147,0.5193151733645658,0.7764134618494679,0.5663359311628502
37,test,0.2283208817243576,0.6102824074074074,0.5230794550346328,0.7858757525998905,0.5963595583160801
38,train,0.21733547747135162,0.6604056065950582,0.5765655889698018,0.7814622480269389,0.6485525364351965
38,valid,0.23234395186106363,0.6024868413671438,0.5160508625527658,0.7802139599573049,0.5676354732648149
38,test,0.22748576601346335,0.6100659722222223,0.5205041788310721,0.7890216201423098,0.5979533298826778
39,train,0.21707239896059036,0.6623361765737916,0.5783553572812283,0.783457289097754,0.6506984626115715
39,valid,0.2344248096148173,0.6024578256386846,0.5179731535026719,0.7771789522484933,0.5669880547520331
39,test,0.22834171851476034,0.6100898919753087,0.5220941381876467,0.786643404488232,0.5970432194616977
40,train,0.21724144369363785,0.6601861039804182,0.5769037508879133,0.780723470064193,0.6479273331098234
40,valid,0.23519169290860495,0.6023328645681203,0.517252580338189,0.7783837910103395,0.5664761424396009
40,test,0.228715514143308,0.6100150462962963,0.5215553265785104,0.7876970443349753,0.5965881642512076
41,train,0.21631526350975036,0.666366840170985,0.5818104589450904,0.7884280334904293,0.6544630008196943
41,valid,0.2341099182764689,0.6021138925373481,0.5162056523436547,0.7786951084085346,0.5675601920423983
41,test,0.2284151315689087,0.6098611111111112,0.520741026962047,0.7879146141215106,0.5978390269151139
42,train,0.21665304154157639,0.6636924811164889,0.5800200936847737,0.7846586154190192,0.6516063237209857
42,valid,0.23691215614477792,0.602039999148872,0.5176963619061562,0.7768541579066532,0.5660922082052768
42,test,0.22958429157733917,0.6099178240740741,0.5220411872459786,0.7866981390257253,0.5961546756383713
43,train,0.21632295548915864,0.6650753333825813,0.5811223309259732,0.7866924554317786,0.6525329635711962
43,valid,0.23636972407499948,0.6018817667096744,0.516563270136398,0.7778541471250984,0.566722688443015
43,test,0.2294417122999827,0.6097253086419753,0.5211438834506841,0.787504105090312,0.5965126811594204
44,train,0.21558616310358047,0.6699675638317368,0.585266561942575,0.7923036836412343,0.6579312522285881
44,valid,0.2359562168518702,0.6017316586744454,0.5159990117853744,0.7779040118165842,0.5673155280695448
44,test,0.22941569983959198,0.6095752314814815,0.5206408495048371,0.7875273672687466,0.5971532091097309
45,train,0.2159940481185913,0.6668140494458896,0.5828899158463818,0.7883269623776537,0.6543817150646167
45,valid,0.23873009781042734,0.6016577652859694,0.5174531208061879,0.7760064581513946,0.5660169269828603
45,test,0.23058716456095377,0.6096442901234569,0.521900223252619,0.7862096332785988,0.5958203933747412
46,train,0.21568842679262162,0.6680906042723544,0.5839680440549821,0.7900639289197096,0.65533552415683
46,valid,0.2385584662357966,0.6014681958600359,0.5166867969645951,0.7764768034845986,0.5663293440558888
46,test,0.23060184717178345,0.6095135030864198,0.5212476386742229,0.786847290640394,0.5960511559696342
47,train,0.2148121103644371,0.6737337268670773,0.5887840736500906,0.796578535869923,0.6614086488398555
47,valid,0.23734563092390695,0.6012174999661484,0.5153737525315375,0.7772800293258294,0.5672289546637659
47,test,0.2302938054005305,0.6092434413580247,0.5201235044936745,0.787391899288451,0.5970712560386474
48,train,0.21518533676862717,0.6709854248559142,0.5866373299023022,0.7930622671408538,0.6585748791412673
48,valid,0.23983674248059592,0.6011258102642172,0.5167104348144352,0.7752813985833038,0.5662747651696368
48,test,0.23133585353692374,0.6092457561728395,0.5212354742687046,0.7860454296661193,0.595854899930987
49,train,0.21536867767572404,0.6692024833042344,0.5852216174680648,0.7911043221549765,0.6562418758639109
49,valid,0.24189507961273193,0.6009996885645146,0.5173570443842569,0.7741992000086253,0.5655765318317238
49,test,0.23226699233055115,0.6091971450617284,0.5217900280496881,0.7853858784893267,0.5949512594893029
