0,train,0.23059592097997667,0.5453805718255316,0.5645199503928983,0.533873135265054,0.5209877513377084
0,valid,0.23020755251248678,0.5975172208348405,0.5824549343721541,0.6371944288958253,0.5711272223630022
0,test,0.23010249932607016,0.6003836805555556,0.5646200209643606,0.6511129594423322,0.6191057399390733
1,train,0.2298067882657051,0.6039907532237283,0.5893207157313133,0.6414130647886798,0.5733869274889347
1,valid,0.22961288193861643,0.6091086174779141,0.5668194061884313,0.6877143366959089,0.5869185489814512
1,test,0.22947734594345093,0.607271412037037,0.549605795148248,0.6878723067173638,0.6392736892736894
2,train,0.22914373278617858,0.6087852365535338,0.5766035183035287,0.6667175478288111,0.5832954272781271
2,valid,0.22903375327587128,0.6100411829905931,0.5565306948821324,0.7057644502347774,0.5878828383572454
2,test,0.22888061900933585,0.6073572530864197,0.5423476340221624,0.6996323141106887,0.6412958954625622
3,train,0.22851579934358596,0.6100006961008408,0.5704522477482901,0.6772896263631847,0.5854064101284979
3,valid,0.22847606738408408,0.6108990813620371,0.5553191285044597,0.7120561412428412,0.5851427863997478
3,test,0.22831163803736368,0.6069947916666667,0.5411275831087151,0.7027823986058301,0.6378968253968254
4,train,0.22790180891752243,0.6118714138376323,0.5710809445652709,0.6819759577432207,0.5852940329789833
4,valid,0.2279375046491623,0.6123007344848064,0.5577198544839961,0.7147375651106911,0.5821038724391201
4,test,0.22776451706886292,0.6071367669753087,0.5420612458820006,0.7038055819602873,0.6345819304152638
5,train,0.22729224413633348,0.6142566957087514,0.5740552080183499,0.6850980175537416,0.5850483141281947
5,valid,0.22741605838139853,0.6139780370279384,0.5601821990970068,0.7174898743861691,0.580182064024172
5,test,0.22723417977492014,0.608001350308642,0.5429615902964959,0.7060559252217997,0.6332471540804875
6,train,0.2266874596476555,0.6167914705627479,0.5768817612811433,0.688571421902862,0.5852909486419441
6,valid,0.2269107848405838,0.6156139437984683,0.5615478120583665,0.7214869558628343,0.5787341791740577
6,test,0.2267187386751175,0.6091969521604939,0.5434224318658281,0.7095657741867343,0.6328964245630913
7,train,0.22609155327081681,0.6193473237763897,0.5789746576048387,0.6927565141891535,0.5861083426578653
7,valid,0.22642231980959573,0.6173080754641066,0.5624668899875322,0.7260951184397388,0.5776896129495261
7,test,0.226220374306043,0.6104805169753087,0.5432951482479784,0.7139925274609211,0.6331850248516915
8,train,0.22550880312919616,0.6218807845624722,0.5806840413260459,0.6971872208927077,0.5872758759785395
8,valid,0.22595285872618356,0.6192378148448334,0.5633351525501311,0.730942213726837,0.5775677468899975
8,test,0.22574410339196524,0.6118611111111111,0.5432693171608266,0.7183849545838614,0.6337582170915504
9,train,0.2249423772096634,0.6244141210448332,0.5824308942246477,0.7015519532453469,0.5884699167175358
9,valid,0.22550506393114725,0.6210522650644826,0.5641746064009756,0.7356389830632762,0.5771770017467468
9,test,0.22529460489749908,0.6133015046296297,0.5434718478586403,0.7226004700042248,0.634299342632676
10,train,0.22439458668231965,0.6268968126394866,0.5843383210218296,0.7056273476132535,0.5895366503277264
10,valid,0.22508110602696738,0.6229649818845135,0.5654229839103345,0.7400302118495958,0.5767727159302152
10,test,0.2248746951421102,0.6147351466049383,0.5437451332734351,0.726912362695395,0.634469696969697
11,train,0.22386770993471145,0.6293048776070042,0.5863161983838385,0.7094294048511894,0.5905360202289597
11,valid,0.22468249003092447,0.6247566063977747,0.5666529558538502,0.7442051179264306,0.576149844959291
11,test,0.22448565562566122,0.6157581018518519,0.5437799490865529,0.730557535910435,0.6341570466570466
12,train,0.22336392998695373,0.6315911160485339,0.5881800433241957,0.713057968218205,0.5914846103203883
12,valid,0.22431014974912009,0.6264120504254672,0.5677100755268393,0.7480109310187211,0.5758480813833151
12,test,0.22412824630737305,0.616856288580247,0.5439997005091345,0.7339703474862695,0.63409291325958
13,train,0.2228848695755005,0.633759017347117,0.5899833224439948,0.7164915389969616,0.5923134923742672
13,valid,0.22396446764469147,0.6279713556728651,0.5689268434774676,0.7515417576159038,0.5751149506442459
13,test,0.22380298872788748,0.6176506558641975,0.5441135070380353,0.7370689427545415,0.6332110790444124
14,train,0.2224313959479332,0.6358408827126907,0.5917616672480159,0.7197322177858967,0.5930993278112079
14,valid,0.22364520033200583,0.6293886772890025,0.5701100012643824,0.754744433662258,0.5742725273279803
14,test,0.22350984315077463,0.6183643904320988,0.5441322252171309,0.7399945870299958,0.6324274490941157
15,train,0.22200375646352768,0.63780288377531,0.5935024848428763,0.7227213434286539,0.5938020202497007
15,valid,0.2233516424894333,0.6307048307319121,0.5711751233573032,0.757818782677562,0.5734126945746391
15,test,0.22324799994627634,0.6188802083333333,0.5439989517819707,0.7427089934516266,0.6313431938431939
16,train,0.22160178273916245,0.6396509072040755,0.5951575895182558,0.7255556731199125,0.5943957774800126
16,valid,0.22308267652988434,0.6317876977180097,0.5720553895498,0.760553981682233,0.5723700627320049
16,test,0.22301587462425232,0.6192202932098766,0.5438263701707098,0.7448556981411069,0.6303130511463845
17,train,0.22122490406036377,0.6413776279582509,0.596710616315933,0.728252634046707,0.5948514994526867
17,valid,0.2228369563817978,0.6327591443068239,0.5726939826603565,0.763174297440059,0.5715363441342771
17,test,0.22281140089035034,0.6194909336419754,0.5437436358191076,0.7468162494719054,0.6289642456309124
18,train,0.22087217271327972,0.6429919870269534,0.5981454710925973,0.7307680877085427,0.595327470768531
18,valid,0.22261289258797964,0.6336650153493204,0.5734238033581355,0.7654377418353454,0.5707190677826761
18,test,0.22263206541538239,0.6197108410493827,0.5437159329140462,0.7485101130122518,0.6276094276094276
19,train,0.22054230868816377,0.6444713522540172,0.5994302750643843,0.7331477026714425,0.5957046985985845
19,valid,0.22240877648194632,0.6344399287373709,0.5740035786821935,0.7675875251459874,0.5697895972810327
19,test,0.22247512638568878,0.6197378472222222,0.5435160227613057,0.7499927386987748,0.6260341510341512
20,train,0.22023386806249617,0.6458493211596188,0.6006067917594272,0.735401203928171,0.5960390586138471
20,valid,0.22222275535265604,0.6351678366453175,0.5745193346467972,0.769563761424161,0.5690545321600662
20,test,0.22233780225118002,0.6198207947530865,0.5434351602276131,0.7514344370511195,0.6244929453262786
21,train,0.2199452593922615,0.647128761608192,0.6016795669994544,0.7375487675970502,0.5962997074439267
21,valid,0.22205302119255066,0.6357237780025959,0.5748754423337618,0.7713493403990603,0.5681473070502416
21,test,0.2222172568241755,0.6199002700617284,0.5433842467804733,0.7528286068863541,0.6229256854256855
22,train,0.21967486441135406,0.6483040266592416,0.6026302240583301,0.7395478111764284,0.5965740793388039
22,valid,0.2218977411588033,0.6363095088410925,0.575243553650624,0.7730567009931291,0.5674838140594746
22,test,0.22211084763209024,0.6199546682098765,0.5432562144354597,0.7540564269117026,0.6216871091871092
23,train,0.21942105740308762,0.6494166870288001,0.6035213985562935,0.7414592779542971,0.5968216756121381
23,valid,0.22175524632136026,0.6367331384765968,0.5753715923695325,0.7746442896915506,0.5667796990488644
23,test,0.2220161904891332,0.6199924768518518,0.5432494758909854,0.7551482625686523,0.6202441077441078
24,train,0.21918227523565292,0.6504819344074122,0.6043812939319818,0.7432473540239686,0.59711553694106
24,valid,0.22162397702534994,0.6372668344420566,0.5757369028394186,0.7761426605493373,0.5661935813339884
24,test,0.22193114956219992,0.6200025077160494,0.5431783468104223,0.7560975126742713,0.6190456148789483
25,train,0.2189570724964142,0.6515141258749206,0.6051925586871388,0.7449987603875889,0.5974185618800258
25,valid,0.22150253256162009,0.6377326336029217,0.5760193882630107,0.777627587622919,0.5654894663233784
25,test,0.221853901942571,0.6199726080246913,0.5430578017370471,0.7569959336713139,0.6178491261824596
26,train,0.21874409914016724,0.6524700570092383,0.605933856475525,0.7466391721671224,0.5976906540475263
26,valid,0.22138969600200653,0.6381556829238569,0.5762918706616881,0.7788803038784096,0.5649633144473181
26,test,0.22178288300832114,0.6199996141975308,0.5430402066486972,0.7578666297000423,0.6167147667147667
27,train,0.21854215115308762,0.6533893451822008,0.6066550365847733,0.7481940299436416,0.5979722227288282
27,valid,0.22128438452879587,0.6384976816432961,0.576475126078126,0.780079244997079,0.5643327059488046
27,test,0.22171684602896372,0.6200715663580246,0.5430293501048218,0.7587538286861005,0.6157708032708032
28,train,0.21835013926029206,0.654286169896906,0.6073402563425627,0.7497023114881469,0.5983040795140301
28,valid,0.2211857040723165,0.6388744992368863,0.576654380284598,0.781199967734918,0.5640096641719587
28,test,0.22165475289026895,0.6201494984567901,0.5430982330038934,0.759594819391635,0.6147146063812731
29,train,0.2181671068072319,0.6551347381311254,0.607996692344047,0.7511395098188713,0.5985820274518513
29,valid,0.22109285493691763,0.6392294583150373,0.5767952228753975,0.7823481891222676,0.5636266565562973
29,test,0.22159576416015625,0.6201749614197531,0.5430944893680743,0.7602971852555978,0.613790684624018
30,train,0.2179922044277191,0.6559423482890835,0.6086155624485259,0.7524943698775222,0.5988825044602195
30,valid,0.22100520133972168,0.6396029874594023,0.5769888814377467,0.7832678661781277,0.5635705594812762
30,test,0.22153926392396292,0.6202687114197531,0.5431349206349206,0.7610285963244614,0.6130591630591631
31,train,0.21782468557357787,0.6567200989173501,0.6091870399434971,0.7538091370326687,0.5992112769083822
31,valid,0.22092217206954956,0.6398944988113223,0.5771277234235632,0.7841074916098565,0.5633635806182671
31,test,0.22148471077283224,0.6203146219135802,0.5431895777178796,0.7616966360371779,0.6121372454705788
32,train,0.21766389161348343,0.6574826045820483,0.6097489035091113,0.7550841743507077,0.5995539959240263
32,valid,0.22084330519040427,0.6401384243685695,0.5771337252385121,0.7849605608257907,0.5632185019759711
32,test,0.22143175701300302,0.620470100308642,0.543338948787062,0.7622689585973808,0.6116762866762866
33,train,0.2175092488527298,0.6582080055858541,0.6102817511913535,0.7563021065112328,0.5998753927836169
33,valid,0.22076821327209473,0.6403790614765912,0.5772009455659391,0.7857622992293045,0.562990244912092
33,test,0.22138009468714395,0.6205264274691358,0.5433078766097634,0.7628822084917617,0.6111211319544654
34,train,0.21736026406288148,0.6589158442495677,0.6107982532592962,0.7574744738389915,0.6002246827781705
34,valid,0.2206965684890747,0.6406251148539251,0.5772697663773525,0.7864662646567802,0.5629399509827626
34,test,0.22132952014605203,0.6206496913580247,0.5433688978736149,0.7634446292775665,0.6107443482443482
35,train,0.21721647679805756,0.6595994614452474,0.6112931094782433,0.7585828896143301,0.6006122811327617
35,valid,0.22062806288401285,0.6408562734906502,0.5773910030393191,0.787068790621616,0.5628490350335906
35,test,0.22127988934516907,0.6207878086419754,0.5434946840371369,0.7639304763413604,0.6103876062209396
36,train,0.21707749962806702,0.6602751498392576,0.6117845611668749,0.7596788833322441,0.6009892407595945
36,valid,0.22056247293949127,0.6411315360346332,0.5774810302635517,0.7878155317261085,0.5628258224508231
36,test,0.22123108307520548,0.620953125,0.543607367475292,0.764495537600338,0.6100869809203142
37,train,0.2169429749250412,0.6609407252376331,0.612261079347531,0.7607207282904449,0.6014431300102596
37,valid,0.2204995652039846,0.6414280767794862,0.5775374473240709,0.7885207193157848,0.5630560138965995
37,test,0.2211830367644628,0.6211514274691358,0.543779574722971,0.7650077893958598,0.6098785473785474
38,train,0.21681259870529174,0.6615946693592036,0.612734309061405,0.7617276410746351,0.6019062722720424
38,valid,0.22043917576471964,0.6416306065641315,0.5775258438151697,0.7891159123074178,0.5631546673733608
38,test,0.22113572557767233,0.6213443287037037,0.5439068583408206,0.7655913339670469,0.6096540804874138
39,train,0.21668608486652374,0.6622233887041302,0.6132057978222767,0.7626835689634247,0.6023343246124374
39,valid,0.2203811208407084,0.6418826565253472,0.5775426488970264,0.7897251601643565,0.5634100057838018
39,test,0.22108911474545798,0.621558063271605,0.5441726564839772,0.766034933460076,0.6093795093795094
40,train,0.21656318604946137,0.6628267589686911,0.6136324667152999,0.7636244295967577,0.6027642990759148
40,valid,0.22032527128855386,0.6420358595716118,0.5774950344984323,0.7901877485572375,0.5635589531898925
40,test,0.221043199300766,0.6217199074074075,0.5443014375561546,0.7664910752006759,0.6091831008497676
41,train,0.2164436787366867,0.6634271725804458,0.6140611667201591,0.7645226039951825,0.6032482717878462
41,valid,0.22027150789896646,0.6422677919610957,0.5775314455091219,0.7906925015460352,0.563831701037409
41,test,0.2209979991118113,0.6219558256172839,0.5444833782569631,0.7669762621461765,0.6091851050184384
42,train,0.21632735133171083,0.6640224986184529,0.6145046454816157,0.7653905401494381,0.603724600707985
42,valid,0.2202196717262268,0.6424573613870292,0.5775218426052038,0.7911776999396252,0.5640348111366236
42,test,0.22095352411270142,0.6221431327160494,0.5447094938604373,0.7673597908745247,0.6089706589706589
43,train,0.21621402651071547,0.6645787666513714,0.6149077921651853,0.7662333987890179,0.6041407180050544
43,valid,0.2201696882645289,0.6426482848802907,0.5774966349824187,0.7915871242767856,0.5644023436971067
43,test,0.22090976933638254,0.6223940972222222,0.5448450134770889,0.767804050485847,0.60923721340388
44,train,0.21610353589057923,0.6651288372558852,0.6153169354646518,0.7670283326642537,0.6045943837530356
44,valid,0.2201214631398519,0.6427846588040491,0.577370596868493,0.7920246583445569,0.5646963697454934
44,test,0.22086678445339203,0.6225779320987654,0.5449266247379455,0.7682575517532741,0.6092853134519801
45,train,0.21599572747945786,0.6656722398536199,0.6157253630389952,0.7677877897658844,0.6050772836520839
45,valid,0.22007488707701364,0.6429227736715148,0.5773121792029909,0.7924353048439177,0.5648782016438377
45,test,0.2208245744307836,0.6227710262345678,0.5451138065289008,0.7685922317279256,0.6092793009459676
46,train,0.21589045524597167,0.6661976006540506,0.6160988361458364,0.7685509034647946,0.6055438231546635
46,valid,0.22002987563610077,0.643123949388832,0.5772865714592093,0.7928777275604908,0.565245734204321
46,test,0.2207831641038259,0.622918788580247,0.5451272836178497,0.769063556189269,0.6092953342953342
47,train,0.21578759104013442,0.6667175098484063,0.6164766422912613,0.7692665073323852,0.606054794990822
47,valid,0.2199863741795222,0.6432539398523293,0.577258562989448,0.7932627086536417,0.5653540595905688
47,test,0.22074257334073386,0.6230495756172839,0.5451976639712489,0.7694094581749049,0.6092612634279302
48,train,0.2156870186328888,0.6672273859566628,0.6168522819173944,0.7699581747511179,0.6065615202759846
48,valid,0.21994429330031076,0.6433982447418665,0.5771801392741165,0.7936428010979906,0.5656635606941336
48,test,0.22070281207561493,0.6232318672839506,0.5453223270440252,0.7696655840726658,0.6094857303190636
49,train,0.21558862924575806,0.6677258083648592,0.6172277667921493,0.7706301328511811,0.6070449118809378
49,valid,0.21990356842676798,0.6435437102605419,0.5771393269324644,0.7939947838117283,0.5659324397778556
49,test,0.22066390017668405,0.6233946759259259,0.5454544773884397,0.7699712188424166,0.6095137886804554
