0,train,0.23501480221748353,0.5595709781353305,0.5053523621326388,0.6390888141997323,0.5528795976218022
0,valid,0.2242430498202642,0.6325645454879575,0.5329090475745114,0.8126655056260109,0.6298987791685984
0,test,0.2224878321091334,0.6270065586419753,0.5327034969578829,0.7811839577329491,0.6519112586037366
1,train,0.22119526863098143,0.6431589713192247,0.6183274405082845,0.7119070556310808,0.5870868126068249
1,valid,0.22145096957683563,0.667154195384178,0.6080367405923507,0.8028933384955126,0.6241896538402102
1,test,0.21880586445331573,0.6499776234567901,0.5741279756630634,0.7793494503148681,0.6617727794165847
2,train,0.21295542120933533,0.6993382069862953,0.6443522841438726,0.7847918361899945,0.6846649673714343
2,valid,0.21832012136777243,0.720750308050317,0.707892227998033,0.7749433756605049,0.6760798176479679
2,test,0.21004992723464966,0.7116701388888889,0.6708569614271368,0.7788504642971501,0.7217510652245166
3,train,0.19950144737958908,0.7503023155297257,0.7209737571632069,0.7940528995923766,0.7454745560103321
3,valid,0.23139421145121256,0.7371391652368361,0.7210152688567817,0.7798240632196081,0.7173118528820893
3,test,0.20493201911449432,0.7433186728395061,0.7029121625612853,0.8032807663571352,0.7633542281219272
4,train,0.1880709245800972,0.7797592609824113,0.7503923761920676,0.8214309392606753,0.7784274848915935
4,valid,0.2172179768482844,0.753879499614091,0.7356501859958546,0.8029607885723382,0.7302851182197496
4,test,0.2020587126413981,0.761589699074074,0.7191103284305039,0.8226945244956771,0.7856215175352343
5,train,0.17920739352703094,0.8026501375864622,0.7786476947118254,0.8354971029764549,0.8035497327848053
5,valid,0.20823142925898233,0.7662647665878084,0.7391924793111666,0.8253515160753768,0.750990959666203
5,test,0.19867237408955893,0.7832719907407407,0.7386880500915588,0.8418868075568364,0.8169657489347755
6,train,0.17217859178781508,0.8196945040707693,0.80399392882736,0.8423800254495507,0.8183162122202454
6,valid,0.2087471236785253,0.7746127851037119,0.7613701845477119,0.8106514463319974,0.756923195796631
6,test,0.1941574364900589,0.7953977623456789,0.762739972827692,0.8398068096915359,0.8178158800393314
7,train,0.1645236074924469,0.8369002789375513,0.8176090398632914,0.861698543270099,0.8402490920974908
7,valid,0.20044338703155518,0.7882335417952224,0.7700069993573866,0.8232146976415406,0.7848226703755214
7,test,0.19074706236521402,0.8061304012345679,0.7736546754090614,0.8468179634966378,0.8337573746312684
8,train,0.15569664686918258,0.855629626762094,0.8366110831996109,0.877263316299459,0.8635449617090587
8,valid,0.20780657728513083,0.7942761639659471,0.7755401120500576,0.8381535406568827,0.7794313089167053
8,test,0.1977611631155014,0.8129944058641976,0.7851216846830882,0.8494596541786743,0.8343340298262866
9,train,0.15050601214170456,0.8644510356986083,0.8467607503837001,0.8838294784163805,0.8730339847395482
9,valid,0.21538402140140533,0.7982292668112294,0.7761985645283428,0.8417621197670544,0.7923157162726009
9,test,0.20995140075683594,0.8146174768518519,0.783362499261622,0.8543094246984737,0.8403863487381187
10,train,0.14378051310777665,0.8761709410573062,0.8580451809301073,0.8942805715980199,0.8878276400826287
10,valid,0.22440039118131003,0.8080772050502842,0.7900592531806347,0.8427860119332675,0.8045220985937258
10,test,0.21730853617191315,0.8206819058641975,0.7938164540138224,0.8508565481908422,0.8488856112749917
11,train,0.1384889416396618,0.8847830136478383,0.866873788894982,0.9028447195806133,0.8960243220004265
11,valid,0.2169948269923528,0.8143306748478125,0.7931463619934893,0.8505387237636064,0.8167381393911297
11,test,0.2091419001420339,0.8213074845679014,0.7918689822198594,0.8548364286476677,0.8514995083579155
12,train,0.13307972475886345,0.8938386463111627,0.8718751441221675,0.9148761237038328,0.9094496572864639
12,valid,0.21647369861602783,0.8225616632589305,0.8033486042014246,0.8576574048717841,0.8215132900633597
12,test,0.2106899917125702,0.8229330632716049,0.7937662443144899,0.8545789305155299,0.8552626188135037
13,train,0.12602246031165124,0.9047609124461409,0.882701716258482,0.926959783825913,0.9186860142817697
13,valid,0.22005143761634827,0.8287743175984261,0.8131450646988013,0.8551860340568929,0.8309824602070777
13,test,0.21082801123460135,0.8262552083333333,0.7988329936794849,0.8558637528017932,0.8568727466404458
14,train,0.1217723809182644,0.9105348291924804,0.887306041248856,0.9336554534157888,0.925616744553459
14,valid,0.2212174435456594,0.8292637162184382,0.8154541738193863,0.846733190429104,0.8396161721526813
14,test,0.22543853521347046,0.8270760030864197,0.8025961368066631,0.8502695058170564,0.8593801212717143
15,train,0.11905581951141357,0.9144004529627615,0.8933076330470732,0.9332617613570592,0.9315932596758465
15,valid,0.20665416618188223,0.8322329924307637,0.8201459305675816,0.8454894110124394,0.8442068459279864
15,test,0.21243754029273987,0.828008487654321,0.8069695492941107,0.8409635500053367,0.8664863979023272
16,train,0.11810965463519096,0.9156255460484912,0.8935450659388124,0.9355956139283101,0.9332535241297593
16,valid,0.19621423383553824,0.8365805157449014,0.8210265070491372,0.8533959090179404,0.8523373512594654
16,test,0.20245798925558725,0.8297297453703703,0.8079803886821431,0.8453396840644678,0.8661023025237626
17,train,0.11735429987311363,0.916932564165581,0.8968163805827278,0.9325550662577287,0.9372077497649416
17,valid,0.218689093987147,0.8345062780364476,0.8002588555447279,0.8725247508056913,0.8677773914387266
17,test,0.21182685097058615,0.8338838734567902,0.7983416031661645,0.865377841818764,0.8841343002294331
18,train,0.11487903147935867,0.9194279968916966,0.896168338368895,0.9398697868978515,0.9389725234971111
18,valid,0.221985454360644,0.8240718352061374,0.7765862444525566,0.885413111485534,0.8578504095193942
18,test,0.20228872199853262,0.8253140432098764,0.7739256601098705,0.882181929768385,0.8805678466076696
19,train,0.11114577427506447,0.9248845307214872,0.9041816841007566,0.9386001873008488,0.9496244743952269
19,valid,0.24875199794769287,0.8385334677083958,0.8190994210445335,0.8590131514159794,0.8589804512440117
19,test,0.2338624099890391,0.8358586033950618,0.8049951267056531,0.8657427420215604,0.8756002130449033
20,train,0.10425550416111946,0.9330254655707104,0.9106193388238037,0.9520851129507686,0.9528890349144875
20,valid,0.23742608726024628,0.8335688765690255,0.8026068080818441,0.869714780605135,0.8611072477205997
20,test,0.23117671410242716,0.827684799382716,0.7884665367121507,0.8681662930942471,0.874334234677155
21,train,0.10009103715419769,0.9385572386674073,0.9191389795055023,0.9534260216007806,0.9584760869489233
21,valid,0.2552282065153122,0.8349624052878264,0.7952288216642178,0.8829626501944585,0.8679908437644877
21,test,0.2410773585240046,0.8335314429012346,0.7895711500974658,0.8795682570178247,0.8848072353326779
22,train,0.09691846743226051,0.9417389522403792,0.9247684967060088,0.95395002056131,0.9604313541815945
22,valid,0.24865514039993286,0.8414433583964749,0.8094990632325567,0.8784927336032236,0.8702036006799567
22,test,0.24230996270974478,0.8383854166666667,0.804475677830941,0.8728853132671577,0.8794913552933464
23,train,0.0926249347627163,0.945816229733166,0.9274418527863211,0.9605689183343996,0.9635440878856619
23,valid,0.2807679921388626,0.8440126044324427,0.8157336201460815,0.8764193182416036,0.8700336114974502
23,test,0.2625966469446818,0.837097800925926,0.8087342725500619,0.8612138435265236,0.8787600376925597
24,train,0.09067982509732246,0.948781530526863,0.9332080610046822,0.9598507381073235,0.9661592665475938
24,valid,0.26350217560927075,0.8449981720091071,0.8143929565949333,0.8791935399014419,0.8744156621851338
24,test,0.26742308338483173,0.8406797839506174,0.8102856045838501,0.8656153271427047,0.8867174696820714
25,train,0.09063883274793624,0.9481641760936241,0.9319069969406646,0.9604233156940246,0.9651506122006718
25,valid,0.2678270588318507,0.8409023117798053,0.8106258994325091,0.8773858778425149,0.8662011281100295
25,test,0.23950552443663278,0.8421643518518519,0.8125044302675882,0.8693363752801793,0.8827310717797443
26,train,0.08765333518385887,0.9511929339371891,0.9350004236521389,0.962503616083144,0.9695869262038666
26,valid,0.2643050203720729,0.8395722307872353,0.8022526918864776,0.8796056598708465,0.8778260701591717
26,test,0.24317124982674918,0.8399145447530865,0.8032791363931715,0.8738739459921016,0.8894122828580793
27,train,0.08682334646582604,0.9526334986454447,0.9357091025147778,0.9653178454475938,0.970444846014841
27,valid,0.2952093531688054,0.847743059921348,0.8211211643068977,0.8764004322200921,0.874888927522794
27,test,0.28362640738487244,0.8441012731481481,0.8158607271545868,0.8690335147827943,0.8841691248770894
28,train,0.08437256738543511,0.9549035776031685,0.938000807773626,0.9678219497152861,0.9722818849419256
28,valid,0.28799067934354144,0.8396646942419255,0.8045618010070628,0.8758237340632331,0.8777893679493123
28,test,0.2848215103149414,0.839822337962963,0.8042150304211708,0.8710914985590779,0.8905983693870864
29,train,0.08405901789665222,0.955550338745399,0.9426708256589476,0.96504412101093,0.969365586737458
29,valid,0.2980494797229767,0.8389694773880427,0.810574233917317,0.8727513830638254,0.8633190387884407
29,test,0.28213415543238324,0.8380017361111112,0.8088690265225352,0.8625493649268865,0.881135283513602
30,train,0.08318506553769112,0.9558528940037306,0.9433299379874394,0.9643654059211884,0.9704636332178722
30,valid,0.2916824022928874,0.8423648979323393,0.8201040701866595,0.8636166191593293,0.8689460670684592
30,test,0.2771600584189097,0.8406352237654321,0.8185587601157777,0.8559571459067137,0.8783575057358243
31,train,0.08125643953680992,0.9580858416640503,0.9447994286748299,0.9677801928819281,0.9725004718646344
31,valid,0.28382183114687604,0.8460025030901751,0.8204842076998964,0.870443241434852,0.8763599134600526
31,test,0.255323921640714,0.8435887345679012,0.8180046074782917,0.8631570872024763,0.8845224926253689
32,train,0.0785150483250618,0.9605783088585225,0.9469510337801677,0.9707213981946553,0.9750347781711923
32,valid,0.3118042051792145,0.84456216232946,0.8219742109883876,0.8683799435847558,0.868306675938804
32,test,0.2773074408372243,0.8444710648148148,0.8193011991257606,0.8632384726224784,0.8854852917076368
33,train,0.07798107191920281,0.9610611489073349,0.9472614374969067,0.9722491067182081,0.9741978301217411
33,valid,0.25037679572900134,0.8488512673103,0.8245695546055469,0.8721328658593341,0.8777014758151754
33,test,0.26034154494603473,0.8416612654320987,0.8136086744639377,0.8633798964670722,0.8861418387413962
34,train,0.07688786908984184,0.9620708414012368,0.9499369194988923,0.9706719934920097,0.9756487701809513
34,valid,0.334617018699646,0.8491462605496352,0.8145709574939887,0.8897811784607623,0.8795105084221914
34,test,0.31973589460055035,0.841694637345679,0.8052343611554138,0.8765996904685666,0.8892545476892821
35,train,0.07681140676140785,0.9621730101815402,0.9479429964938764,0.9735574519665843,0.9759691575293867
35,valid,0.34984804193178815,0.8482897162455195,0.8278259905448336,0.865065446809544,0.8766776773296244
35,test,0.31211555004119873,0.8447474922839506,0.8197800372142479,0.862259846301633,0.8871271714192068
36,train,0.07326837480068207,0.9654615983185614,0.9548032882760514,0.9725270947753808,0.9781911593539301
36,valid,0.3304515580336253,0.8527407289911618,0.8254753981638755,0.8822051858317067,0.880378805439654
36,test,0.33178261915842694,0.8435293209876544,0.8162350847657867,0.8669161596755257,0.8833446001311046
37,train,0.07041008770465851,0.9673383625435239,0.9552504213155402,0.9766575837337762,0.9796340602378897
37,valid,0.3341480294863383,0.8546863303034467,0.8318110233844911,0.8806315755393647,0.8761203832483387
37,test,0.296491543451945,0.8484961419753086,0.8254334278457085,0.8637354573593765,0.8890814487053426
38,train,0.06898941919207573,0.9683530271862895,0.9557310902906131,0.9784917932766543,0.9805231755441299
38,valid,0.37324798107147217,0.8485673000477792,0.819627012692369,0.8759775202383956,0.8834366790295163
38,test,0.32179619868596393,0.8506251929012347,0.8209470435347629,0.8720367701995945,0.9000870616191413
39,train,0.0658596869558096,0.9712175975713183,0.9604019317311774,0.9797743969162086,0.9818609991646249
39,valid,0.3764193058013916,0.8526252463918942,0.8243776002461842,0.885994531147771,0.8771876448771443
39,test,0.32313687602678937,0.8487764274691358,0.8228915618170005,0.8672990714056996,0.8921501147164865
40,train,0.06599430628120899,0.970967898031171,0.9599509107448447,0.9789728895558139,0.9829752987602193
40,valid,0.42069026827812195,0.8436762154205055,0.8103581438428282,0.8808953053397529,0.8757118297017463
40,test,0.3268086016178131,0.8492961033950618,0.8181921554728572,0.8765796776603693,0.8936977630285152
41,train,0.06629124619066715,0.9712383296563109,0.9600943817291167,0.9795896222624092,0.9829675654231578
41,valid,0.39854292074839276,0.845800553620099,0.8122965434638975,0.8807772677053078,0.8815233348786895
41,test,0.32840946316719055,0.847188850308642,0.8181928938507885,0.8704550912584055,0.8919104392002621
42,train,0.0646351683884859,0.9725140498720737,0.9616725434036596,0.9806174745765639,0.9839597481990499
42,valid,0.37263437112172443,0.847747315561522,0.8170520335848477,0.8800049643256544,0.8801701823520323
42,test,0.33244532346725464,0.8486865354938271,0.8200687429854097,0.8721741914825488,0.8920190101606031
43,train,0.06414893493056298,0.973026660662205,0.9610997703085276,0.9825169708084827,0.9846744483552897
43,valid,0.35236332813898724,0.8443027617170348,0.8058515532841165,0.8834381732360793,0.8867408437644877
43,test,0.30587366223335266,0.8474565972222221,0.8154889538661468,0.8712636087095742,0.8995923467715503
44,train,0.06344735436141491,0.9729555589334598,0.9625160554967447,0.9809724209839199,0.9836261224261532
44,valid,0.39225300153096515,0.8423378165857772,0.8078653770149551,0.875804848041722,0.882702634832329
44,test,0.30979297558466595,0.8465570987654321,0.8132937562762124,0.87340097662504,0.8976247541789576
45,train,0.0657469317317009,0.9708238566543689,0.9588172199195873,0.9802058753116972,0.982831117899748
45,valid,0.351935346921285,0.849374711051704,0.820360512159875,0.880748938673041,0.8787571472724464
45,test,0.30677263935407,0.8417413194444444,0.8074454338708725,0.8718079570925393,0.8907253769255982
46,train,0.06345309652388095,0.9732493596582572,0.9632403627565489,0.980336661870804,0.9844619345051888
46,valid,0.39930474758148193,0.8499983557753872,0.8187675549615487,0.883674248504969,0.8817618992427755
46,test,0.3429631292819977,0.844660686728395,0.8099101394057535,0.8739793467819403,0.8960545722713865
47,train,0.06226155124604702,0.9737444791389942,0.9628969210678607,0.9816473521104602,0.9855328050779625
47,valid,0.45497464140256244,0.8456278133166717,0.8221590000573223,0.8682565099441647,0.8733310152990265
47,test,0.3840028444925944,0.8469012345679012,0.8250243664717349,0.8575881897747892,0.8911862913798755
48,train,0.0626439705491066,0.9735925444758715,0.9638147446572716,0.9800006352794558,0.985391333070021
48,valid,0.49677131573359173,0.8468141697342738,0.8213504536005962,0.8777393162450813,0.8677464843146345
48,test,0.4122910300890605,0.8478119212962963,0.8197733918128656,0.8767130963816842,0.8812254178957719
49,train,0.06495284773409367,0.971933942161123,0.9624872502156949,0.977731536444682,0.9839783606374018
49,valid,0.40277326107025146,0.851493052667416,0.8214473735816497,0.8883721463558747,0.875634561891516
49,test,0.34365567564964294,0.8490088734567901,0.8207517425719181,0.8730000533674884,0.890567641756801
