0,train,0.23039475679397584,0.567211155442159,0.5291488930961412,0.639174495164665,0.533173689527468
0,valid,0.22995291650295258,0.5953340774255698,0.5289891404232068,0.7144437110550592,0.585071859063514
0,test,0.22979180018107095,0.6012391975308642,0.5190796598758928,0.7456717245483068,0.6125082304526749
1,train,0.22941296100616454,0.5994046650831556,0.5398437992114918,0.6912621418283864,0.581246688933827
1,valid,0.2292322963476181,0.5991413278757972,0.5269727610272203,0.7227742286970028,0.5964799663650406
1,test,0.22898810108502707,0.6024367283950618,0.5182630107715724,0.7480113329005735,0.6176316872427984
2,train,0.22860654890537263,0.6035094225772495,0.5393362735158257,0.6988950584808938,0.590009814771906
2,valid,0.2285544474919637,0.6024773628958471,0.5286379427031591,0.727786814182703,0.6014538861328994
2,test,0.22825713952382407,0.6035378086419753,0.520376346446552,0.7482466461105701,0.6172037037037037
3,train,0.22786229103803635,0.605786915364082,0.5414094417683233,0.7016679137304555,0.5919201203178908
3,valid,0.2279188185930252,0.605474107331114,0.5323004886499106,0.7310196207853028,0.6025021631858613
3,test,0.22758079568545023,0.6035810185185185,0.5226572561760917,0.7467076436222005,0.6133621399176955
4,train,0.2271675169467926,0.6076313339849215,0.5450894121549892,0.7026735621218166,0.5909543446333316
4,valid,0.22734805444876352,0.6077804708672414,0.5362940530001987,0.7328995858969221,0.6013393921306959
4,test,0.2269842674334844,0.6031651234567901,0.5253838104437419,0.7435471437844856,0.6082860082304526
5,train,0.2265283778309822,0.6093558883028066,0.5491409930754882,0.7034201222604975,0.5889718742559527
5,valid,0.2268522729476293,0.6097011186530512,0.5401017348003179,0.7343159441471598,0.5994192714052168
5,test,0.2264842391014099,0.602859375,0.5276394743004332,0.7414915341339392,0.603440329218107
6,train,0.2259477123618126,0.6112160491021009,0.5527649802765153,0.7050162904918151,0.5872148136346556
6,valid,0.22642438610394797,0.6114438033043113,0.5429563319590701,0.7366084407879744,0.5976849688144614
6,test,0.2260761559009552,0.6029484953703703,0.5292592348671116,0.7412812398571893,0.5996810699588477
7,train,0.225422465801239,0.6133042894728244,0.5555086954131213,0.7081108493920327,0.5860906035446016
7,valid,0.22604970137278238,0.6131286499368425,0.5451170710808664,0.7397043916927937,0.5961965467858156
7,test,0.22574123243490854,0.6033097993827161,0.530137352183585,0.7428554040895813,0.5967438271604938
8,train,0.22494513392448426,0.6156127072498192,0.557591585642492,0.7124086832558664,0.5855533813947267
8,valid,0.22571528951327005,0.6149895253220262,0.546881985148023,0.7437013638423318,0.5952280401442249
8,test,0.22545804580052695,0.603822337962963,0.5306203167076454,0.7452829168019042,0.5944259259259259
9,train,0.22450631707906724,0.6180011588658386,0.5593601191186661,0.7172891969244826,0.5851545897542438
9,valid,0.2254122793674469,0.6168345387756523,0.5484652853665806,0.748154085109838,0.5939686061199859
9,test,0.2252093255519867,0.6046140046296296,0.5310827918276548,0.7483392837823217,0.5926975308641975
10,train,0.22409724146127702,0.6205392366472943,0.5612090851084572,0.7224627024092559,0.5848223299189802
10,valid,0.2251336177190145,0.6186422186586609,0.550014435972581,0.7525131682683366,0.5927448341620071
10,test,0.22498267392317453,0.6055314429012346,0.5317238174686805,0.7515998593530239,0.5908271604938272
11,train,0.2237112432718277,0.6230692613233587,0.5632179920563941,0.7273622786383112,0.5845447148730698
11,valid,0.2248730013767878,0.6205375260416163,0.5521421896731572,0.7564793642561729,0.5911100099666091
11,test,0.2247689962387085,0.6063942901234569,0.5322049525816649,0.7550646435140107,0.5888045267489712
12,train,0.22334394752979278,0.6255297647037097,0.5652908522858621,0.7319431928357077,0.5843114987185087
12,valid,0.22462595999240875,0.6223423043517788,0.5539804477945559,0.7605175895586306,0.5896328496430978
12,test,0.22456230719884238,0.6072810570987655,0.5327223100339539,0.7584672184355729,0.5869022633744856
13,train,0.22299274504184724,0.6278907008030731,0.5672959281973676,0.7362544779973477,0.5841931608142925
13,valid,0.22439061105251312,0.6239873027172262,0.5559483192181601,0.763906241405593,0.5879980254476997
13,test,0.22435975074768066,0.6082976466049382,0.5333457733286501,0.761883317104836,0.5853734567901234
14,train,0.22265609800815583,0.6301301477722642,0.5692663515180376,0.7402815028870209,0.5840286054827175
14,valid,0.22416686018308005,0.6256092819380958,0.5579619821676932,0.7671933974001346,0.586286246267214
14,test,0.22416100899378458,0.6092554012345679,0.5339458201615735,0.7652453207832954,0.583679012345679
15,train,0.2223330855369568,0.6322677811146421,0.5712381609423409,0.7439826550103434,0.5839034813343691
15,valid,0.22395490606625876,0.6270782515508908,0.5598052851182198,0.7703325658937267,0.5844562191828132
15,test,0.22396694123744965,0.6101766975308642,0.5344800081957617,0.7683233257600346,0.5824074074074074
16,train,0.22202311903238298,0.6342872104966324,0.5732425630534693,0.7472953451901934,0.5837698854694893
16,valid,0.22375467916329703,0.6283562976704238,0.5615888262467713,0.7729943764749638,0.5825285906539109
16,test,0.22377878924210867,0.6111277006172839,0.5350804209109004,0.7713817213026074,0.5811378600823045
17,train,0.22172576040029526,0.6361686716265036,0.575206325376123,0.7502498060705681,0.5836466685662236
17,valid,0.2235658715168635,0.6295068680229263,0.563080155349692,0.7754937936923274,0.5809219207213497
17,test,0.223597913980484,0.6119577546296296,0.5355505795574289,0.7741236611489776,0.580070987654321
18,train,0.22144062221050262,0.6379633510010356,0.5771311612884049,0.7529588659837498,0.583594729403616
18,valid,0.22338817516962686,0.6305663289880667,0.5644899910590104,0.7777751585299734,0.5793828210195973
18,test,0.22342559695243835,0.6127750771604938,0.535994028802248,0.7767634967002055,0.5791666666666667
19,train,0.22116734981536865,0.639646938363822,0.5789575453398349,0.75543647442376,0.5836061728741136
19,valid,0.22322127223014832,0.6313954050692412,0.5657760344228094,0.7796269667276952,0.5776410106254188
19,test,0.22326287627220154,0.613556712962963,0.5362662451703547,0.7794344368711458,0.5785061728395061
20,train,0.22090556472539902,0.6412103062701637,0.5806864401023807,0.7576471283550632,0.583693240829877
20,valid,0.2230647603670756,0.632225641779554,0.5671637504967216,0.7811212476001141,0.5761713581053307
20,test,0.22311053176720938,0.6142002314814815,0.5365465109471959,0.781686140863356,0.5777242798353909
21,train,0.22065484523773193,0.6426813609055562,0.5823319761325275,0.7596660554061316,0.5838355301839719
21,valid,0.22291813294092813,0.6329554840693978,0.5684249577786609,0.7824079530840333,0.5748180765383021
21,test,0.22296902537345886,0.6148603395061729,0.5369109296335324,0.7836903602726388,0.5771707818930042
22,train,0.22041473984718324,0.644059027930691,0.5838925363093697,0.7615485029151295,0.5839379448094725
22,valid,0.22278089821338654,0.6336352258681022,0.5694638045151997,0.7836239388772333,0.5738608316018462
22,test,0.22283855577309927,0.615471064814815,0.5371348495492332,0.7856499513145083,0.5768168724279835
23,train,0.22018478512763978,0.645361988419155,0.585355895968918,0.7632811244676642,0.5841445482419458
23,valid,0.2226525197426478,0.6342255992231522,0.5704735464683092,0.7846493743926619,0.5728134930243121
23,test,0.2227191130320231,0.616030864197531,0.5374173106193654,0.7872349345450611,0.57659670781893
24,train,0.219964462518692,0.6465776699373935,0.5866839565126927,0.7649353456684618,0.5843594903273399
24,valid,0.22253247598807016,0.6347825077713793,0.5714720345718259,0.7855648015003052,0.5717886778570477
24,test,0.22261045376459757,0.6165121527777777,0.5375139035241775,0.788709023044466,0.5766491769547325
25,train,0.21975326389074326,0.647713646133586,0.5879213812799927,0.7665070236226814,0.5845247109769671
25,valid,0.22242026031017303,0.6353802317776389,0.5724095966620306,0.7864854671035572,0.5711017138438264
25,test,0.22251220544179282,0.6169787808641976,0.5376258634820278,0.7901831115438711,0.5765802469135802
26,train,0.219550658762455,0.6488121181212096,0.5890772184473145,0.768023375576177,0.5847841406627845
26,valid,0.22231532633304596,0.6357918682453803,0.5730359316014305,0.7872607644536643,0.5704729353071349
26,test,0.2224238415559133,0.6172939814814815,0.5377030646294345,0.7913454776587687,0.5762757201646089
27,train,0.21935613304376603,0.649799444824064,0.5900927511246306,0.7694153882427373,0.5850219253346373
27,valid,0.22221716741720834,0.6361172312805028,0.5735947434432744,0.7879103379091592,0.5697690787362115
27,test,0.22234478096167246,0.6175690586419753,0.5376785505210162,0.7924551011576327,0.5761234567901234
28,train,0.21916915774345397,0.6507760902856997,0.5910649295605235,0.7708034153395769,0.585312979805202
28,valid,0.22212530672550201,0.6364758656842586,0.5741395849890721,0.7886843256353641,0.5690821147229902
28,test,0.22227434317270914,0.6178626543209877,0.5376902587519026,0.7935626960943416,0.5759711934156378
29,train,0.21898924708366393,0.6516716897208636,0.5919370775175377,0.7721012427006388,0.5855822118436549
29,valid,0.2220392276843389,0.6367410694423757,0.5745548132326643,0.7892926459379396,0.5684927521542704
29,test,0.22221184273560843,0.6181016589506173,0.5376115940756352,0.7944904251866277,0.5760555555555555
30,train,0.21881592273712158,0.6525261357453465,0.5927460229991555,0.77334177749697,0.5858883912112727
30,valid,0.22195850809415182,0.6369938931563504,0.5749855640274191,0.7898446524127201,0.5678864970278483
30,test,0.2221565693616867,0.618265625,0.5374670706006323,0.7953187547333117,0.5760761316872427
31,train,0.21864871233701705,0.6533422962235819,0.593494422704008,0.7745771205643232,0.5861515910327191
31,valid,0.2218826860189438,0.6372670278802463,0.575330940790781,0.7905125606028461,0.5674191362647552
31,test,0.22210782766342163,0.6183969907407407,0.5372694942044257,0.7960483609217787,0.5762222222222222
32,train,0.21848721653223038,0.654104242521533,0.594153784501852,0.7757750464738407,0.5864123957091776
32,valid,0.2218113491932551,0.6374989602697303,0.5756654517683291,0.7909768222761788,0.5670700234055772
32,test,0.2220649520556132,0.6186743827160494,0.5372358330406275,0.7969990803851563,0.576349794238683
33,train,0.218331016600132,0.6548482802047388,0.5948114136701544,0.776913188837552,0.586688857537131
33,valid,0.22174415489037833,0.6377390170631827,0.5760216943175045,0.7914345358300003,0.5667171566446876
33,test,0.2220272421836853,0.6188831018518518,0.5372146118721461,0.7976901438926756,0.5764711934156378
34,train,0.21817974150180816,0.6555623340545317,0.5954079965242681,0.7780453790675361,0.5869662508103574
34,valid,0.22168073058128357,0.6379802344857737,0.5763189511722631,0.7919040359989419,0.5664956764437037
34,test,0.22199411193529764,0.619082561728395,0.5370748448659407,0.7986354538569729,0.5764897119341563
35,train,0.21803303807973862,0.6562591718388853,0.5959778391291204,0.7791622563191208,0.5872451521378355
35,valid,0.2216207484404246,0.6381680629679995,0.5766138796443473,0.792215071675716,0.5662479189307387
35,test,0.2219649702310562,0.6192465277777778,0.5370272801779651,0.7993156983663313,0.576462962962963
36,train,0.21789059340953826,0.6569339368338208,0.5965224430969807,0.7802595990349048,0.5875049810144841
36,valid,0.2215639352798462,0.6384400370627572,0.5768575836975959,0.7927127287585551,0.5662648114884408
36,test,0.22193930049737295,0.6193942901234568,0.5369006849315068,0.7999702477550579,0.5766111111111111
37,train,0.21775211095809938,0.6575861229456146,0.5970460244930673,0.7813149621643574,0.5877714630716546
37,valid,0.22151002287864685,0.6385944007381602,0.5770508394595668,0.7931999088501763,0.5658481283984541
37,test,0.22191659609476724,0.6195381944444445,0.5367945790890996,0.8006099210213133,0.5767037037037037
38,train,0.21761730462312698,0.6582204714733614,0.5975432699201189,0.7823598631732938,0.5880272113309164
38,valid,0.22145878275235495,0.6388392934863558,0.577424932942579,0.793562674671088,0.5656116325906239
38,test,0.22189644972483316,0.6196603009259259,0.5367067673574524,0.8011975278589202,0.5767078189300412
39,train,0.2174859344959259,0.6588335729435547,0.598010021067235,0.7833896609706582,0.588272624983101
39,valid,0.22140999138355255,0.6390168697445261,0.5776275022352474,0.7939424656027283,0.5654389531118906
39,test,0.2218784292538961,0.6196898148148148,0.5365055321390938,0.8017066969598615,0.5766563786008231
40,train,0.21735776364803314,0.6594191411394177,0.5984571935005293,0.7843894096699991,0.5884764340797551
40,valid,0.2213634798924128,0.6391894166097636,0.5778300715279158,0.7942633234587692,0.5653263360605429
40,test,0.2218622217575709,0.6197588734567901,0.5363503980798501,0.8022652277399114,0.5766111111111111
41,train,0.2172325924038887,0.6600009624659585,0.5989002268743624,0.7853554383518369,0.5887281017216303
41,valid,0.2213190495967865,0.6393681534970723,0.5780489394993047,0.7945514407172548,0.5652512580263112
41,test,0.2218475043773651,0.6198661265432098,0.5362933204542794,0.8027885967759385,0.5765473251028808
42,train,0.21711020916700363,0.6605688085026586,0.5993296302291337,0.786303531969933,0.5889716968378054
42,valid,0.22127656638622284,0.6395474706989502,0.578271688108484,0.7948375935398873,0.5651724260903677
42,test,0.22183401385943094,0.6199691358024692,0.5361769699098466,0.8033376609325977,0.5765884773662551
43,train,0.2169904440641403,0.6611359531112155,0.5997673117028268,0.7872180628956464,0.5892494893018632
43,valid,0.22123590608437857,0.6397004803070251,0.5785254818199881,0.7950792191498445,0.5649546997910954
43,test,0.22182150185108185,0.6201006944444444,0.5361279416930101,0.8037947636048902,0.5767325102880658
44,train,0.21687313616275788,0.6616899126464475,0.6001772326009727,0.7881410631570158,0.5895110480054474
44,valid,0.22119693954785666,0.6399066854172752,0.5787334840055633,0.7954773448161158,0.5648814987077193
44,test,0.22180979450543722,0.6202349537037036,0.5361213558131366,0.8042288759060912,0.5768065843621399
45,train,0.21675812751054763,0.6622301632569565,0.600575679641264,0.7890165512319816,0.5898109290288379
45,valid,0.2211595873037974,0.6399732281545416,0.5788351567156765,0.7956515247951095,0.5647088192289862
45,test,0.221798708041509,0.6203113425925926,0.5360467158412363,0.8046237693389593,0.5768230452674896
46,train,0.2166452944278717,0.662761943456723,0.6009761673341268,0.7898827571248351,0.5900794957492387
46,valid,0.2211237152417501,0.6401395849977077,0.578958560997417,0.7960142906160209,0.5646975575238513
46,test,0.2217881033817927,0.6203942901234567,0.5359610994028803,0.8049767391539543,0.5769691358024691
47,train,0.2165345147252083,0.6632655422270396,0.6013571148160464,0.7906994580464247,0.5903360423901631
47,valid,0.22108927369117737,0.6402864045837113,0.5791459958027021,0.7962316881837874,0.5646450028998891
47,test,0.2217778613169988,0.6204942129629629,0.5359669535183234,0.8053594612138916,0.57690329218107
48,train,0.21642567217350006,0.6637744150266862,0.6017430869236369,0.7915167620476431,0.5906063389374995
48,valid,0.22105617821216583,0.6404643677182611,0.5793307141615338,0.796538140176904,0.5646224794896195
48,test,0.22176788747310638,0.6206234567901234,0.5359413417632596,0.8057773450178514,0.5770288065843621
49,train,0.21631866246461867,0.6642687265332331,0.6021099616033893,0.7923041742759583,0.5908984579169478
49,valid,0.22102437913417816,0.6405972597546044,0.5794770142062388,0.7967948264617368,0.5645455245045319
49,test,0.22175809741020203,0.6207019675925927,0.5358334065097764,0.8062046954452018,0.5771008230452674
