0,train,0.23525816202163696,0.5113981007811956,0.48548731391678424,0.5490499593003684,0.5085931923085619
0,valid,0.22860645751158395,0.5842429119411329,0.5532949201933902,0.6509460670684593,0.5553394312863568
0,test,0.22873292863368988,0.5736521990740742,0.5404347793811984,0.6358559553872054,0.5683960706620439
1,train,0.22711988240480424,0.5959809499219373,0.5551575697219043,0.672839549927879,0.5618163246921835
1,valid,0.22803898652394614,0.5897069604863809,0.5740785326648045,0.6566199969092875,0.5205384607575403
1,test,0.2287758489449819,0.5819438657407408,0.5561590652651582,0.660552135942761,0.5302841753343239
2,train,0.2248762995004654,0.6233718787335512,0.5757854003966485,0.7145043563523058,0.5809336170768673
2,valid,0.22772001723448435,0.5957284978944253,0.5577182750708072,0.6772307216813476,0.5609230175730688
2,test,0.22874296208222708,0.5881984953703703,0.5405220024942099,0.6774594907407407,0.5806845385504376
3,train,0.22322805523872374,0.6399702168283089,0.5890546570567775,0.7364271965370083,0.5963457073651652
3,valid,0.22796937823295593,0.5958430133027444,0.5559292980057113,0.6835159944367177,0.555863273199801
3,test,0.22910591463247934,0.5895902777777777,0.5387389393669458,0.6916219486531987,0.570864289252105
4,train,0.2217251941561699,0.6520637702952462,0.6012386852967417,0.7520620917473589,0.6022193169554527
4,valid,0.22826720277468363,0.5957035443679504,0.5551158432775056,0.6846935558646268,0.55531709694121
4,test,0.22948148846626282,0.5895711805555555,0.5391071322525091,0.6900370896464646,0.5722253178140994
5,train,0.22021883577108384,0.6611433491826497,0.6083604527800276,0.7638447250336271,0.6113276602571349
5,valid,0.22888823846975961,0.5943960956435785,0.5533284245548011,0.6837026734662339,0.5547404647574186
5,test,0.2299756109714508,0.5875682870370371,0.5359233030464992,0.6877591014309764,0.5739371801221727
6,train,0.21859001368284225,0.6701627295534585,0.6178496192667271,0.7729217109206835,0.6191422715776622
6,valid,0.23027843236923218,0.5906205690564665,0.5448970130472217,0.6839227321897697,0.5565353339492198
6,test,0.23034307857354483,0.5840046296296296,0.5287153334521052,0.6856981271043772,0.5781471850751198
7,train,0.21695292443037034,0.6783114156276059,0.6245448722771532,0.7839550192368444,0.6258231738720512
7,valid,0.23269400000572205,0.5863463588162356,0.5363393758059551,0.6834034925050223,0.5572561241789591
7,test,0.2316402643918991,0.5799618055555555,0.5219624086941029,0.6826402041245792,0.5800932805018986
8,train,0.21539120525121688,0.6851307888243141,0.630070865672842,0.792179397036068,0.6333072864234139
8,valid,0.2351203908522924,0.5858277510295747,0.5362813275518831,0.6825418018853345,0.556100829416363
8,test,0.23395579556624094,0.5795378086419753,0.5213058227923273,0.6825856218434343,0.5797362555720653
9,train,0.21377626955509185,0.6919985960782531,0.6364699915351992,0.7987298477577751,0.6418178428241705
9,valid,0.23815648754437765,0.5854816901081513,0.5362973005613929,0.6816195333024262,0.5557576926591068
9,test,0.23669917384783426,0.5797901234567902,0.5211295207553893,0.6834661721380471,0.5801944031698861
10,train,0.2123639851808548,0.6967596505857901,0.639768111216333,0.8038082826236589,0.6494879983232358
10,valid,0.24229898055394491,0.5837140519304165,0.5336317559012478,0.6804685520012362,0.5553170969412099
10,test,0.23972566425800323,0.5785385802469136,0.5187125126195142,0.6833530618686868,0.580396648505861
11,train,0.21098779737949372,0.7015773343173453,0.6435466974331764,0.8085943508868965,0.6568079606103967
11,valid,0.24663140376408896,0.5830145794363597,0.533157240643128,0.6796859836192243,0.5541678933636539
11,test,0.2430723955233892,0.5785081018518519,0.5180162123641546,0.6845565025252526,0.5802810797424468
12,train,0.20974910408258438,0.7055046660065547,0.6460488242943131,0.8130539334125673,0.6631910237126474
12,valid,0.2514929622411728,0.5822125847017473,0.5323967695562231,0.6788069850100448,0.5533841608885008
12,test,0.24655941625436148,0.5784344135802469,0.5174646653601758,0.6852693602693603,0.5803017170216278
13,train,0.2085202857851982,0.7096446813633916,0.6493340937134766,0.8171785929882374,0.669371310320175
13,valid,0.2568356692790985,0.5811544778039349,0.5310682826677263,0.6779935095039407,0.5526288539435347
13,test,0.2501002053419749,0.577974537037037,0.5160149058732705,0.6860164141414141,0.5807000165098234
14,train,0.20743192583322526,0.7131318358168033,0.6517599566494985,0.8207945071684037,0.6751410193879451
14,valid,0.2622947692871094,0.5804151570427944,0.5303639119069047,0.6771602534384176,0.5519527324040893
14,test,0.25367334485054016,0.5778287037037036,0.5150803194964072,0.6868055555555556,0.5812799240548125
15,train,0.20644100308418273,0.716236090413555,0.653929594880547,0.8241044070919558,0.6800989046839216
15,valid,0.26783402760823566,0.579722648323568,0.5297920002493348,0.6764147736053161,0.5510329634630418
15,test,0.2571850021680196,0.5777989969135803,0.5143795652948513,0.6877301662457913,0.5816183754333828
16,train,0.20549295097589493,0.71927529864857,0.6560940739693824,0.8273577591779415,0.6848362032488025
16,valid,0.2735002934932709,0.579006346707005,0.5289158222398834,0.6759585844537166,0.5503060820482625
16,test,0.2606175144513448,0.5776921296296296,0.5135362848150128,0.6885416666666666,0.5821177975895658
17,train,0.20461070388555527,0.7220809046753827,0.6581345813456994,0.8303805293893235,0.6890764302292738
17,valid,0.27920974294344586,0.5783496240528783,0.5280225024641289,0.6756581672075412,0.5496807203841507
17,test,0.2639610370000203,0.5775327932098766,0.5126670229823623,0.6893426452020202,0.5824252930493643
18,train,0.2038092464208603,0.7246191333970715,0.6599311050814086,0.8331728764197528,0.6929314715938844
18,valid,0.2848448654015859,0.5776710428833123,0.5272472271245077,0.6751451089476124,0.5489822644995583
18,test,0.26719338695208233,0.5774027777777777,0.5118964902903973,0.6899529145622896,0.5829143965659568
19,train,0.20308695286512374,0.7268896562966582,0.6614635797304117,0.8357452740501814,0.6964291866796299
19,valid,0.2903167208035787,0.5771576579277741,0.5266496028174831,0.6747148817802504,0.5485518207567283
19,test,0.2702808777491252,0.577342399691358,0.5110372498366886,0.6910366687710439,0.5832796764074625
20,train,0.2024208277463913,0.7289887821218575,0.6628711498330646,0.838147684331668,0.6996435530174399
20,valid,0.2956059177716573,0.5767661390317644,0.5260893787278472,0.6746196878380467,0.5481132554338446
20,test,0.2732074360052745,0.5774864969135802,0.5106397351386662,0.6918507996632997,0.5838781575037147
21,train,0.20179162919521332,0.7309987732998448,0.6642353907560965,0.8404421829306147,0.7026926924016956
21,valid,0.3007466793060303,0.5764504479061283,0.5255501922604925,0.6746135064132283,0.5478716384272561
21,test,0.2759838402271271,0.5776060956790123,0.5100815072153928,0.6928003998316498,0.5845798249958726
22,train,0.201191046833992,0.7329204378048104,0.6655643743677672,0.8426381063234765,0.7055458294617379
22,valid,0.3057904044787089,0.5760846562893526,0.5249163364928726,0.6745788904342451,0.5476604773458676
22,test,0.27864137291908264,0.5776145833333333,0.509354029336659,0.6936842382154882,0.5852608552088493
23,train,0.20062282234430312,0.7347429168187908,0.6668761671845355,0.844702604924539,0.7081612424851569
23,valid,0.31074532866477966,0.5757060977520548,0.5241757342714555,0.674497295626642,0.547737632356375
23,test,0.28120038906733197,0.5775877700617285,0.5086911336777719,0.6944714067760943,0.5857251939904242
24,train,0.20009579211473466,0.736436111083488,0.6680639502139349,0.8466431108864478,0.7106259638612809
24,valid,0.315567413965861,0.5753302473494132,0.5234113673285726,0.674579508576727,0.5476218998406139
24,test,0.2836630543073018,0.5775621141975309,0.5079399014193242,0.6952598905723906,0.5864392438500908
25,train,0.19961650669574738,0.7379418375783646,0.6690615303287505,0.8484265630319543,0.7128580754752059
25,valid,0.3201823929945628,0.5750068186961879,0.5227627073082362,0.6746332869726472,0.5475264712749865
25,test,0.28600870569547016,0.5776103395061729,0.5073052140863472,0.696250263047138,0.5869077100875021
26,train,0.199182491004467,0.7393180395953522,0.6699274856861408,0.8500733534951853,0.7149777179138498
26,valid,0.3245288332303365,0.5748963654898531,0.5224498700732032,0.6747519703291608,0.5475670791752536
26,test,0.2882114251454671,0.5777314814814815,0.5069065859017756,0.6971170033670034,0.5873039458477795
27,train,0.19878199696540833,0.7405628170632784,0.6706652239852062,0.8516036628187336,0.7169330306400667
27,valid,0.3285943567752838,0.574840268414832,0.5222652064998461,0.6749522484932777,0.547424951524319
27,test,0.29025932153066,0.5778788580246914,0.5066549379416829,0.697929819023569,0.5875165098233449
28,train,0.19839879274368286,0.741747724531588,0.6713909496690078,0.853049071039107,0.7187581536787424
28,valid,0.33243417739868164,0.5748733463452755,0.5221919644074597,0.6751407819502395,0.5474797721896796
28,test,0.2921700676282247,0.5780393518518518,0.5064121978739831,0.6987781460437711,0.5877187551593197
29,train,0.19801920652389526,0.7429284145522013,0.6721606327674597,0.8544603865735015,0.7205162079431681
29,valid,0.336154301961263,0.5747744994303245,0.5219223711737825,0.675307062277855,0.5473904348090921
29,test,0.2939889033635457,0.5782499999999999,0.5060967100184096,0.6996817129629629,0.5883048538880634
30,train,0.19763751327991486,0.7441418941188003,0.673015489305993,0.8558655924023406,0.7222495880765986
30,valid,0.33986122409502667,0.5747508999711778,0.5216574529672787,0.6756383866481224,0.547412769154239
30,test,0.29577140013376874,0.5783265817901234,0.5056186531266702,0.7006280250420875,0.5885586924219911
31,train,0.19725838005542756,0.7453651226487062,0.6739279911678531,0.857250062260809,0.7239315562934466
31,valid,0.34360335270563763,0.5746452827195861,0.5211517708613349,0.6760661412455571,0.5474736810046396
31,test,0.2975592215855916,0.5783626543209877,0.5051235227745116,0.7014822706228957,0.5887877662209015
32,train,0.19689622521400452,0.7465263413792173,0.6747924996809328,0.8585692561309175,0.7255240247078673
32,valid,0.34733958045641583,0.5744638376976212,0.5205011629130094,0.6764456807294081,0.5475934743104272
32,test,0.2993581295013428,0.5782665895061728,0.5043173585129759,0.702209595959596,0.5893738649496449
33,train,0.19657033830881118,0.747563123205587,0.6755257261102398,0.859778607545735,0.72698343226314
33,valid,0.35095184048016864,0.5743342341105035,0.5199027594347891,0.6769228867253901,0.5476889028760545
33,test,0.30112876494725543,0.5782368827160493,0.5035824573905814,0.7030447706228956,0.58994758131088
34,train,0.19629503041505814,0.7483948127701829,0.6760319122073148,0.8607928186679593,0.7282725883145469
34,valid,0.3542882700761159,0.5742897433268661,0.5194594110244933,0.6773741307371348,0.5478696080322427
34,test,0.3027956783771515,0.5782729552469136,0.5030706247401865,0.7039194023569023,0.5901911012052171
35,train,0.19606981724500655,0.7490501597480399,0.6763197390380221,0.861695811989919,0.7293739517980533
35,valid,0.3572160005569458,0.5743284309648116,0.519343314516349,0.6775978983155617,0.5480076748931504
35,test,0.30427486697832745,0.5784702932098765,0.5028987766494447,0.7047703598484849,0.5903892190853558
36,train,0.19587697833776474,0.7495879597994661,0.676452011067902,0.8624991985970635,0.730416904884186
36,valid,0.3596818645795186,0.5744675130232261,0.5194765527907964,0.6778507185906351,0.5479751885729368
36,test,0.3055155376593272,0.5788248456790124,0.5031029158501099,0.7055805450336701,0.5904470034670628
37,train,0.1956881731748581,0.750118532477366,0.6766063284360953,0.8632997287184938,0.7313762350972735
37,valid,0.36177488168080646,0.574743549319968,0.5199393804809824,0.6780516148972338,0.5478878815873628
37,test,0.30654218792915344,0.5792785493827162,0.5035334639824218,0.7063788930976431,0.5904243024599636
38,train,0.195475235581398,0.7507216008614603,0.6768696731380713,0.8641627047915115,0.7323390196887004
38,valid,0.3637484014034271,0.5749706457547088,0.5203227327092171,0.6782593107711328,0.5477396627513884
38,test,0.3074651857217153,0.5797613811728395,0.5040560603361245,0.7071358112373738,0.5903665180782566
39,train,0.19521765857934953,0.7514935980031849,0.6774051768698635,0.86509846835236,0.7333905414275967
39,valid,0.36595094203948975,0.5751207537899378,0.5203928581168211,0.6786561582444754,0.5476929636660812
39,test,0.3084449569384257,0.5799521604938271,0.5039833125482511,0.7079361321548822,0.5903334984315668
40,train,0.19490552246570586,0.7524677485115517,0.6782807651643752,0.8661119124552721,0.7345303068313427
40,valid,0.36867085099220276,0.575075102377162,0.5198217256304469,0.6792520475969711,0.5479630062028567
40,test,0.3096413314342499,0.5798643904320988,0.5033924223528713,0.7084924768518518,0.590633770843652
41,train,0.1945482075214386,0.7536168387503711,0.6794238292821184,0.8672048356282904,0.7357888669603158
41,valid,0.37196917335192364,0.574818990213962,0.5187067316495444,0.6800309071240921,0.5482452311097123
41,test,0.3111604154109955,0.5794444444444444,0.5020614347645347,0.7090646043771044,0.591189945517583
42,train,0.19419337064027786,0.7547856400078985,0.6805540050630412,0.8683406325359648,0.7371046710731973
42,valid,0.37560980518658954,0.5744887912240961,0.5173260402909425,0.6808425282027508,0.5487771946032101
42,test,0.312979261080424,0.578809799382716,0.5004891917572302,0.7093789457070707,0.591672857850421
43,train,0.19392455965280533,0.7556001579012417,0.6812136708816033,0.8692173885076597,0.7381785341161582
43,valid,0.37915587425231934,0.5741162292706801,0.5161370250464581,0.6813011899242776,0.5491670304457732
43,test,0.3149081965287526,0.5782827932098765,0.49903423599976243,0.7098234953703704,0.5922011721974575
44,train,0.1938103049993515,0.7558945979023215,0.6811839915358084,0.8696986270036926,0.738919924459475
44,valid,0.38211168845494586,0.5739438758436324,0.5153929165546609,0.6816739298408283,0.54958935260855
44,test,0.3166322906812032,0.5780368441358025,0.4981668299780272,0.7103193392255891,0.5925189862968466
45,train,0.19385154396295548,0.7556454577289213,0.6804894301169628,0.8697392790272376,0.7392288894415895
45,valid,0.3839641312758128,0.5740905019914462,0.5154903129541107,0.6819038788440736,0.5497274194694578
45,test,0.31776681542396545,0.5782407407407406,0.49818501692499556,0.7108967276936027,0.5926531286115239
46,train,0.19397851526737214,0.7551438566969872,0.6794692906533553,0.8696128001875547,0.739312960935198
46,valid,0.38430217901865643,0.5745682943200745,0.5167073783616367,0.6817864317725235,0.5492563678263607
46,test,0.31800522406895954,0.5791215277777777,0.49944919532038723,0.7118568497474748,0.5923435694238071
47,train,0.19408771246671677,0.7546776467103553,0.6784326076673002,0.8696463638946977,0.7393433774094065
47,valid,0.38325199484825134,0.5754267730060875,0.5188298406984491,0.68157379075877,0.5485802462869152
47,test,0.31745588779449463,0.5804982638888888,0.5017641338559297,0.7130642361111111,0.5913777447581311
48,train,0.19409884810447692,0.7544658331687789,0.677715563049363,0.8699841697793543,0.7393898993618462
48,valid,0.3819188674290975,0.5762802222991676,0.5212468297471979,0.6811138927522794,0.5475163192999197
48,test,0.31676575541496277,0.5819255401234569,0.5042698497535483,0.7140769675925926,0.5904573221066535
49,train,0.19397863298654555,0.7546563019855921,0.6778053816211784,0.8703255991690377,0.7395614967274027
49,valid,0.3821868598461151,0.5767104288331228,0.5220400260243179,0.6814464534075105,0.5471610001725835
49,test,0.31661780675252277,0.5824890046296296,0.5050997683947978,0.7148115267255892,0.5900115568763414
