0,train,0.22922019511461258,0.5806813104737606,0.5656258213379786,0.6160913555678529,0.5567572166075421
0,valid,0.22699400782585144,0.6012486435146945,0.5689943060881059,0.6735099070770596,0.56983001762523
0,test,0.22759469350179037,0.5844695216049383,0.5433055109206689,0.6386105733032161,0.6143630952380953
1,train,0.22609915882349013,0.6018991832890338,0.5676461408575533,0.6622481323429252,0.5809582413552341
1,valid,0.22509094079335532,0.6163153506744223,0.582338115399688,0.7006737417105079,0.5698647370818093
1,test,0.22620214025179544,0.5999263117283951,0.5478218175325834,0.6684387436807573,0.6377916666666666
2,train,0.22418143600225449,0.61469256670848,0.5831274067112864,0.6759672441682275,0.5860150679521268
2,valid,0.22392195463180542,0.6217590882097489,0.589127778759634,0.7117083408921407,0.5626675979650314
2,test,0.2257575790087382,0.6035160108024691,0.5514811343212521,0.6782497042056578,0.6320148809523809
3,train,0.22324574887752532,0.6206715490800814,0.5883890888114667,0.6866662321215733,0.5858292310513361
3,valid,0.22311018407344818,0.62578415006161,0.5934397067750636,0.7201017667452783,0.5588484577413155
3,test,0.22563810149828592,0.6019050925925926,0.5493922216270903,0.684934656340755,0.619436507936508
4,train,0.2225373223423958,0.625218321729285,0.5958525106200911,0.6918117603865146,0.5826532537326065
4,valid,0.22271333634853363,0.6284443120467502,0.5936675400917482,0.7263245550381972,0.562197864140724
4,test,0.22540026903152466,0.602465663580247,0.5460713860620127,0.694257556200925,0.6174186507936508
5,train,0.22189063131809234,0.6292932996032226,0.5955524739463953,0.7020347884386174,0.5866383003857791
5,valid,0.2223290354013443,0.6295757320184695,0.5909320034732094,0.7319218520086271,0.5663672624116951
5,test,0.2252164582411448,0.6040254629629629,0.5439125453788014,0.7036597827256105,0.6173234126984127
6,train,0.2213726133108139,0.6320275996880331,0.5950640834632194,0.7100278552273114,0.5880968291358408
6,valid,0.2220485508441925,0.6302523788061383,0.589654523240535,0.7372193162806637,0.564746680717835
6,test,0.22515606880187988,0.6049753086419752,0.5422647741474738,0.7127191567172206,0.613234126984127
7,train,0.22088672667741777,0.6343665073921647,0.5945718728033984,0.7178436808275157,0.58789490341418
7,valid,0.22176720201969147,0.6309071670783676,0.588031258884731,0.7425041825401624,0.5639501755374878
7,test,0.22510416309038797,0.6054193672839505,0.5409138249122181,0.7198303216091212,0.6086269841269841
8,train,0.2204624518752098,0.6363241578245287,0.5944131062620336,0.724133854077984,0.5875584487026679
8,valid,0.22158910830815634,0.6312441364048739,0.585773672765274,0.7470986777126041,0.5642810315354783
8,test,0.22498000164826712,0.6059695216049383,0.5397793548771053,0.7256063784016349,0.6059583333333334
9,train,0.22005975097417832,0.638275060340578,0.5940278987500383,0.7304894751404735,0.5876026158218787
9,valid,0.22149323423703512,0.6312872731211832,0.5829405481830965,0.7520011942915885,0.56409109568478
9,test,0.2248382419347763,0.6066427469135802,0.538382282925668,0.7317387329245993,0.6040972222222223
10,train,0.21967483013868333,0.6401800770256889,0.5939913587604291,0.7364144442789035,0.58732787165617
10,valid,0.22146651148796082,0.6310965430661114,0.5794362181974658,0.7570196125859183,0.564262650646701
10,test,0.22473575174808502,0.6071890432098765,0.5366779741712788,0.7376909218027321,0.6026686507936507
11,train,0.21931770145893098,0.6418969777858594,0.5936118051098682,0.7421329335518474,0.5872528933430189
11,valid,0.2214904179175695,0.631069848595929,0.5761570320964507,0.7618855949285441,0.5649488704943847
11,test,0.22467612226804098,0.6076354166666667,0.5348390168422306,0.743218242443799,0.6017123015873016
12,train,0.218974007666111,0.6435617864078498,0.5933701980379573,0.747395443129576,0.5873564348230846
12,valid,0.22149568299452463,0.631035610036347,0.5732232459139842,0.7662942694160568,0.565418604318692
12,test,0.22462506592273712,0.6082581018518518,0.53362122835208,0.748390609874153,0.6005297619047619
13,train,0.21865579932928086,0.645091237155874,0.5932628128724672,0.7521178486293206,0.5873730966704516
13,valid,0.22142603000005087,0.6313810906432012,0.5715780818970486,0.7700094233133782,0.5655922016015881
13,test,0.22455207506815592,0.6090075231481481,0.5331722757840862,0.7531824782187801,0.5985099206349207
14,train,0.21835915893316268,0.6465140974626413,0.5932090438861893,0.7564108526306828,0.587448295378409
14,valid,0.22127259771029154,0.6319821030986863,0.5713556274445016,0.7727998830904437,0.5648324581987955
14,test,0.22446075081825256,0.6100453317901234,0.5336643754091531,0.7571138539313756,0.5967331349206348
15,train,0.2180906355381012,0.6477312795043761,0.5931299662296385,0.7602585720670867,0.5872985591469134
15,valid,0.22111176947752634,0.6326307013488446,0.5714858727975473,0.7752791719578318,0.5638909482292056
15,test,0.22439436614513397,0.6109440586419753,0.534310093435696,0.760445573841024,0.5947162698412698
16,train,0.2178577095270157,0.6487475512166848,0.5929767962470585,0.7637159990635111,0.5869690248323236
16,valid,0.22101391851902008,0.6332172059401,0.5712307609555937,0.7776967305637863,0.563745943439963
16,test,0.22437753280003866,0.611504436728395,0.5344164732488246,0.7634552812735291,0.5928730158730159
17,train,0.21765480041503907,0.6496335881441241,0.5927016098224382,0.7669255757279073,0.5866851563216283
17,valid,0.22096713880697885,0.6336984801561434,0.5707466631832118,0.7800160246719476,0.5638133400321461
17,test,0.22439682483673096,0.6119891975308642,0.5342803368446111,0.7662781004625148,0.591563492063492
18,train,0.21747091710567473,0.6504347700239089,0.592437731120687,0.7697984154180146,0.5865118378458436
18,valid,0.22092259923617044,0.6340054665632417,0.5702621812062487,0.7817306141783074,0.5639420062535869
18,test,0.22442885239919028,0.6123518518518519,0.5341680057132655,0.7686135312466387,0.590281746031746
19,train,0.2172991767525673,0.6511974266288405,0.5923282830598087,0.7722988676996425,0.5864078555761649
19,valid,0.22087635099887848,0.6343147742286168,0.5701342410806907,0.7830445868859729,0.5637847475384927
19,test,0.22446937362353006,0.6126898148148148,0.5341665178837112,0.7704985479186834,0.5892420634920634
20,train,0.21713941246271135,0.6519220107796189,0.5923372413740411,0.7744271454112037,0.5864582378289173
20,valid,0.22084454695383707,0.634680372407203,0.5700919785767525,0.7842552558908307,0.5638643980565274
20,test,0.22452199955781302,0.6130065586419753,0.5341174195084212,0.772226255781435,0.588452380952381
21,train,0.21698978096246718,0.6526145512067405,0.592412670761896,0.7763192789034565,0.5865873891854914
21,valid,0.22081749141216278,0.6350668619102795,0.5702602601833424,0.7852429400737739,0.5638562287726263
21,test,0.2245820313692093,0.6132293595679013,0.5340753883235136,0.7736070775518985,0.587672619047619
22,train,0.21684672087430953,0.6532667550762088,0.5925332164359279,0.7779905393325386,0.5867781188509849
22,valid,0.2207902322212855,0.6354324600888654,0.5705299717993837,0.7859723649996977,0.5638868635872551
22,test,0.22464596231778464,0.6134405864197532,0.5340474915193716,0.7746450467892869,0.5873015873015872
23,train,0.2167097806930542,0.6539121222409902,0.5927416261727942,0.7794777743487145,0.5870370386695911
23,valid,0.22076734403769174,0.6357825832122732,0.5707735575038997,0.7865632117877084,0.5641298997833097
23,test,0.22471373776594797,0.613541087962963,0.5339846307207047,0.7755364633752824,0.5866706349206349
24,train,0.21657851338386536,0.6545405840996361,0.592989670242352,0.7808181242550656,0.5873639282465037
24,valid,0.22074643274148306,0.6361122018875699,0.5710609425306787,0.7870117010340448,0.5643790629422902
24,test,0.22478405137856802,0.6137075617283951,0.534068321133131,0.7762463697967087,0.5862559523809523
25,train,0.21645167768001555,0.6551817604532326,0.5933015685645304,0.7820363847267154,0.5878088612817456
25,valid,0.22072683771451315,0.6363725696909438,0.5713198964184449,0.7872069702283768,0.5647487230388102
25,test,0.22485601405302683,0.6138796296296296,0.5341598226507172,0.7769535871786598,0.5858531746031745
26,train,0.21632902920246125,0.6557827067952228,0.5936100287277284,0.7831395262216925,0.5882527364219168
26,valid,0.220709299047788,0.6366700776267455,0.5715873028069987,0.7875571949769204,0.5650407749382709
26,test,0.22492953141530356,0.6140046296296297,0.534243885020532,0.777526352586856,0.5854265873015874
27,train,0.21621024012565612,0.6563623794431477,0.5939280966351883,0.7841514132470628,0.5887200174905318
27,valid,0.22069309651851654,0.6368950462413993,0.5718427988535335,0.7877096309286247,0.5653021920231027
27,test,0.22500414649645487,0.6141091820987654,0.5342900077367136,0.7780843282779393,0.585017857142857
28,train,0.21609488874673843,0.6569430820361944,0.5942625722013386,0.7851117135620638,0.5892400169968475
28,valid,0.22067850331465402,0.6371173067213968,0.5719784230707167,0.7879817479994355,0.565673894440598
28,test,0.22507972021897635,0.6142118055555555,0.5343294352199013,0.7785939012584705,0.584688492063492
29,train,0.21598273366689683,0.6575018006281955,0.5945759794932917,0.7859935297122425,0.5898295290251144
29,valid,0.22066540022691092,0.6373235118316469,0.5721382521765189,0.7881014291185422,0.5661436282649054
29,test,0.2251561979452769,0.6142849151234568,0.5343019103731477,0.7790443153705496,0.5844732142857143
30,train,0.21587351113557815,0.6580480178173402,0.594911047186822,0.7868072641750383,0.5904197903957232
30,valid,0.22065376738707224,0.6376146363071875,0.5723491804916282,0.7883344923504868,0.5667420283106535
30,test,0.22523354987303415,0.6143732638888889,0.5342877759923823,0.7794429654727331,0.5843769841269841
31,train,0.2157670259475708,0.6585883838527335,0.5952503361755447,0.7875680550825813,0.5910589794133619
31,valid,0.2206436296304067,0.6377854422287175,0.5724755837988611,0.7884579528733549,0.567107603765223
31,test,0.22531179090340933,0.6143937114197531,0.5342100368981729,0.779879262127568,0.5840456349206349
32,train,0.2156630799174309,0.6591137624108387,0.5956094327801718,0.7882755831772519,0.5916662993419893
32,valid,0.2206349422534307,0.637969208508959,0.5726569283612138,0.7885562173711476,0.567436417442238
32,test,0.2253909409046173,0.6144837962962963,0.5341895792418021,0.7802839625685705,0.5839662698412699
33,train,0.21556150168180466,0.6596374539898654,0.5959518543137434,0.7889589807168398,0.5923437048190647
33,valid,0.22062773009141287,0.6381924361799052,0.5728521042884915,0.7886872367015378,0.5678836857358176
33,test,0.22547100484371185,0.6145491898148148,0.534176932690591,0.7806510164569216,0.5837946428571429
34,train,0.21546215265989305,0.6601455809671825,0.596282796216497,0.7895963785544015,0.5930465438568033
34,valid,0.22062193353970846,0.6384303651532708,0.5730326804416817,0.788820775634436,0.5684432816830358
34,test,0.22555200258890787,0.6146086033950616,0.534137877164792,0.7810463052597613,0.5836210317460317
35,train,0.21536489576101303,0.6606465160863222,0.5966302794841233,0.7902060807934617,0.593721392754124
35,valid,0.22061758736769357,0.6385851157050532,0.5731402577244331,0.7889265989397514,0.5688027301746797
35,test,0.2256338894367218,0.6146523919753086,0.5340608819853597,0.7813972249112617,0.5835337301587302
36,train,0.2152696058154106,0.6611375868172706,0.5969670662571438,0.7907798399455134,0.5944315048204751
36,valid,0.22061461706956229,0.6387586297612393,0.5732804923965913,0.7889719517848865,0.569272463998987
36,test,0.22571663558483124,0.6146562499999999,0.5339463191096827,0.7817225986877487,0.5833789682539683
37,train,0.21517618149518966,0.6616235433379598,0.5973054384034718,0.7913347362932062,0.5951438208348907
37,valid,0.2206130474805832,0.6389342716375123,0.5733742383144177,0.7890601378726493,0.5698075520945023
37,test,0.2258001963297526,0.614663387345679,0.5337335594834256,0.7821642734215339,0.5833313492063491
38,train,0.21508451849222182,0.6620964834832317,0.5976256074080866,0.7918617774135877,0.5958796750146342
38,valid,0.22061281899611154,0.6391019825480064,0.573487578665888,0.7891848581967709,0.5701894661168738
38,test,0.22588451703389487,0.6147376543209877,0.5335996548235434,0.7825763687210928,0.5834623015873016
39,train,0.21499453037977218,0.6625651085135974,0.597976929953241,0.7923627192235655,0.5965654554943544
39,valid,0.2206139216820399,0.6392213339110687,0.5735678774233703,0.7892453286569511,0.5705080681890127
39,test,0.22596953809261322,0.6148059413580247,0.5334873236921978,0.782853339787028,0.5837043650793651
40,train,0.2149061381816864,0.6630255738925248,0.5983016831698298,0.7928633949855269,0.5972724820334153
40,valid,0.22061634063720703,0.6393735697663847,0.5736343448159276,0.789317137328415,0.571018648432825
40,test,0.2260552098353704,0.6148773148148148,0.5334181396179254,0.7831558567279767,0.5838095238095238
41,train,0.2148192673921585,0.6634843522923737,0.5986386991534488,0.7933287395709178,0.5980013717372753
41,valid,0.2206200361251831,0.6394780263888379,0.5737157961871537,0.7892944609058474,0.5713903508503204
41,test,0.2261414329210917,0.6149182098765432,0.5332924180205916,0.7834664407873507,0.5838968253968254
42,train,0.21473385095596315,0.6639293596156387,0.598971302833043,0.7937660426953856,0.5987185364374326
42,valid,0.2206249882777532,0.6395832567640499,0.5737680480102044,0.7892995001108625,0.5717988150453701
42,test,0.22622817754745483,0.6149506172839506,0.5331295006844016,0.7838146713993761,0.583984126984127
43,train,0.21464981734752656,0.6643800227582356,0.5993144884019437,0.7942072035160906,0.59943296824199
43,valid,0.2206311821937561,0.6397817243467109,0.5739309507526569,0.7893902058011327,0.5722665065487023
43,test,0.22631538907686868,0.6149652777777779,0.5329732785812057,0.7840123158007959,0.5841845238095238
44,train,0.21456712037324904,0.6648149526012151,0.599654751535711,0.7946146560531246,0.6001318842521739
44,valid,0.22063855826854706,0.6399001085188244,0.574018549397183,0.7893662695773115,0.5726974362744798
44,test,0.22640297810236612,0.6150003858024691,0.5328282151996667,0.784242228675917,0.5844126984126984
45,train,0.21448569744825363,0.6652301891831612,0.5999722082149078,0.7950090456325558,0.6008073061759914
45,valid,0.22064713637034097,0.640032033364219,0.5740623487194461,0.7894217008324766,0.5731875933085395
45,test,0.22649089992046356,0.615034336419753,0.532678688329465,0.7844331504786491,0.5847043650793651
46,train,0.2144055113196373,0.6656598449968107,0.6002990434277681,0.7954133055933935,0.6015163162683104
46,valid,0.22065685192743936,0.6401583485021114,0.5741534052052037,0.789378867589849,0.5736818349845498
46,test,0.22657908499240875,0.6150439814814814,0.5325395762661429,0.7845810476497795,0.5849067460317461
47,train,0.21432650089263916,0.6660643026703281,0.6006043901470004,0.7957838572705602,0.6022056671438949
47,valid,0.22066769003868103,0.6403045877735458,0.5742287093031297,0.7893864263973717,0.5742414309317682
47,test,0.2266674886147181,0.6150470679012346,0.5324026959471523,0.7846872647090459,0.5851309523809524
48,train,0.21424863040447234,0.6664786513685484,0.6009246546560313,0.7961517218627618,0.6029141482886784
48,valid,0.2206796258687973,0.6404220047547107,0.5743589546561754,0.7892932011045937,0.5746662336946199
48,test,0.22675606111685434,0.6150925925925926,0.5322747426054871,0.7849265892223297,0.5853531746031746
49,train,0.21417185962200164,0.6668870423669702,0.6012601616698756,0.7965082262046654,0.6035766991557998
49,valid,0.22069263458251953,0.6405577983638998,0.574438100799914,0.7893234363346837,0.5751237135930757
49,test,0.22684471805890402,0.6151005015432099,0.5321352585847765,0.7850112939657954,0.585640873015873
