0,train,0.23544541746377945,0.5014759735112321,0.4854838501496246,0.5433941423521129,0.4690260574633004
0,valid,0.2301502227783203,0.5623077949787315,0.5261077878285565,0.6403146813966211,0.5394008360249352
0,test,0.22987975180149078,0.5524479166666667,0.5311603707590067,0.6211092627798902,0.5031368985808238
1,train,0.22851458340883254,0.5880618350638779,0.5316330880042623,0.6681149949778503,0.5858193996964932
1,valid,0.23082080980141959,0.5639206826046839,0.5684292927976349,0.5959198201820591,0.5061552431637146
1,test,0.22923002143700918,0.5602270447530864,0.5541101929579106,0.6182403886776511,0.48332467982000693
2,train,0.22705927789211272,0.607453624057245,0.5541947780849547,0.6940726384978926,0.5870353476901129
2,valid,0.22875132163365683,0.5874450877338909,0.5384683799163668,0.6901699965064696,0.5605428414885995
2,test,0.22776406506697336,0.5879214891975308,0.5435179112743384,0.7041666666666668,0.5292661820699204
3,train,0.22494605630636216,0.6322460457210397,0.5743480663666996,0.724183434681698,0.6137328114416292
3,valid,0.22890841464201608,0.5856538500970092,0.5441121673032955,0.6822798911073172,0.5490369621106757
3,test,0.22747058173020682,0.5916508487654322,0.5461590591115775,0.7117910329531052,0.5298438040844583
4,train,0.22353475391864777,0.6439628346078609,0.5779908464043887,0.7482895133467754,0.6235818932735812
4,valid,0.22913866738478342,0.584752041256497,0.5484924087571093,0.6759875814882439,0.542770606558696
4,test,0.22708037992318472,0.5920173611111111,0.5508292526524426,0.7067992184199409,0.5262136552440291
5,train,0.222139373421669,0.6493159033471085,0.5852315366618108,0.7536219924353538,0.6246138763798248
5,valid,0.22998745242754617,0.5818667172185136,0.544710588177565,0.6712561548754523,0.5448079862986931
5,test,0.2271426816781362,0.5898659336419753,0.5480773434767401,0.7007446134347275,0.532240827275874
6,train,0.2208199143409729,0.6524414316379252,0.5884740015491735,0.7562272259093925,0.6283303547702941
6,valid,0.23220950861771902,0.5754333499045383,0.5385780201277961,0.6619290879249089,0.5418280669892758
6,test,0.22810630997021994,0.5849465663580247,0.5424900897749796,0.6918561206168145,0.5358082381446867
7,train,0.21966757923364638,0.654551718161555,0.5901579753638351,0.758586757502069,0.6310118985105893
7,valid,0.23550926645596823,0.5703745543667704,0.5347804818955643,0.6538003678094246,0.5380789817507481
7,test,0.23000753919283548,0.5792704475308641,0.5360127375539233,0.6843736797634136,0.5354707511249567
8,train,0.2186066821217537,0.6575349275699972,0.592865038308514,0.7614740941224338,0.6347908439054406
8,valid,0.2391679733991623,0.5676176732867664,0.53233466179445,0.649055758063134,0.5374333804603117
8,test,0.23218186696370444,0.5761745756172839,0.5321258890054797,0.6802274767638362,0.5364442713741779
9,train,0.21759597659111024,0.6616209951116674,0.5971409601178729,0.7651583441711642,0.639103622275681
9,valid,0.24271139999230704,0.5666980681327992,0.5312811957070107,0.64778754062053,0.5373548354961935
9,test,0.23429783682028452,0.5748711419753086,0.5301416579223506,0.6783798056611745,0.5380538248528902
10,train,0.21663843244314193,0.666009688942367,0.6016903968813682,0.7692985819750096,0.6435324800228934
10,valid,0.24606870611508688,0.5663707707157793,0.5303174352471045,0.648131620404854,0.5376421951210167
10,test,0.2363437612851461,0.5744282407407407,0.529136061559986,0.6778424693705112,0.5394362236067843
11,train,0.21580056250095367,0.6697859117003186,0.6055950448140649,0.7728651869698916,0.6473591787553683
11,valid,0.24923624595006308,0.5661757850205335,0.5290883914784255,0.64884482792715,0.5387111729253593
11,test,0.2383376806974411,0.5744324845679012,0.5287921184563367,0.6774926066751161,0.5410544305988232
12,train,0.21509590297937392,0.6728394592575019,0.6087274545394279,0.7756326683645047,0.6507040269279485
12,valid,0.25209666788578033,0.566558018883436,0.5284742529514685,0.6502896993586406,0.5400387743920427
12,test,0.24020442366600037,0.5747098765432098,0.5288875772414597,0.677532213772708,0.5422615957078574
13,train,0.21452464610338212,0.6751678189029735,0.6111137078324907,0.7776467207972383,0.6534187865506865
13,valid,0.25444600979487103,0.5672435638278323,0.5284167493440755,0.6518835401986698,0.5412610106629578
13,test,0.24177128076553345,0.5751608796296297,0.5294122362131282,0.6777460920997043,0.5428824852890274
14,train,0.21407153457403183,0.6769003286590398,0.6128200401819721,0.7791309444304202,0.6556224444915909
14,valid,0.2561075339714686,0.568289290681502,0.5290761240421815,0.65346551621855,0.5424928255880335
14,test,0.24287031590938568,0.5757797067901235,0.530613850996852,0.6777592944655682,0.5427634994807892
15,train,0.2137117177248001,0.6781494745148959,0.6137954718372584,0.7803742060689722,0.6575128422998007
15,valid,0.2570334772268931,0.5701025802720128,0.5315418787271922,0.6546150854596628,0.5436403483564946
15,test,0.24345134695370993,0.5767727623456791,0.5330775620846451,0.6774292353189691,0.5415584977500865
16,train,0.2133788287639618,0.6794490521663652,0.6145433848751978,0.7820282933957933,0.6594987467832576
16,valid,0.25745447476704914,0.5723538139240677,0.5358968185937532,0.6547350519745039,0.543732303436438
16,test,0.24367617070674896,0.5781255787037037,0.5368474554039874,0.6765077101816644,0.5394621841467636
17,train,0.21297950595617293,0.6812089708930406,0.6155223488353018,0.7845095974717764,0.6618670744437529
17,valid,0.25780542691548664,0.5746127851037119,0.5407278883295279,0.6545096203916709,0.5431748257642808
17,test,0.24380489190419516,0.5798703703703704,0.5410946426489449,0.6756389945078158,0.5380603149878851
18,train,0.21244527846574784,0.6837682957320494,0.6173824605523655,0.787804724122615,0.664822362870388
18,valid,0.2584243714809418,0.5767386708088231,0.544696403954408,0.6550198076580822,0.5430445560676942
18,test,0.243892103433609,0.582283950617284,0.5453953888305935,0.6765882446134347,0.53727068189685
19,train,0.21175762116909028,0.6871610415089193,0.6204468209027517,0.7917257554793622,0.6680987968978305
19,valid,0.2595583399136861,0.5786792427281748,0.5471084886058519,0.6572648952929622,0.5433644831166642
19,test,0.24391822516918182,0.5846597222222223,0.5483407660020987,0.6788920574566962,0.5380732952578747
20,train,0.21093077957630157,0.6913946220527588,0.6248195087705792,0.7962501637657495,0.6715302971138658
20,valid,0.2615883747736613,0.5796058116569722,0.5476091533475533,0.659564033775188,0.5433606516549998
20,test,0.244216650724411,0.5861174768518519,0.5489266351871284,0.6816704953527672,0.5399554344063691
21,train,0.21003357023000718,0.6961186518089388,0.630019290584884,0.8011559731626547,0.6748559382244499
21,valid,0.2646854718526204,0.5793880002553384,0.5465549205453488,0.6605329940873647,0.5435081629290759
21,test,0.24523040652275085,0.5866581790123456,0.5484930628424858,0.6829953527672159,0.5421036690896504
22,train,0.20920477360486983,0.7004675418122204,0.634807339312208,0.8056384148114537,0.6779706540762319
22,valid,0.26853299140930176,0.5786030280814219,0.5449854554209033,0.6605830899946609,0.5434698483124327
22,test,0.246990496913592,0.5868250385802469,0.5481443832342312,0.6831643430502745,0.5437975943232953
23,train,0.20851672142744065,0.7037753970260867,0.6384258514611217,0.8091203941881533,0.6802736953470981
23,valid,0.27262914180755615,0.5773745021384592,0.5428547550883025,0.6602080298466142,0.5432552864592313
23,test,0.24926629662513733,0.5862735339506173,0.5471012591815321,0.6824038867765103,0.5450480269989616
24,train,0.2079548567533493,0.7061190904234992,0.6408845647367987,0.8116215898112673,0.6820914499322995
24,valid,0.2765710949897766,0.576329742475738,0.5404426704368588,0.6603813880521261,0.5438568259405281
24,test,0.2517054279645284,0.5855005787037036,0.5454121487699661,0.6818408058724122,0.5466510903426791
25,train,0.2074515476822853,0.7078385482887994,0.6426281294884139,0.8135300599356015,0.6834425962590986
25,valid,0.28004183371861774,0.5755652747499328,0.5374440489900066,0.6617867100831196,0.5455215960336709
25,test,0.25395838419596356,0.5850586419753087,0.5434468637052583,0.6825451520912549,0.5488534094842505
26,train,0.20694884657859802,0.7094028218365414,0.6441934560482758,0.8152195898986091,0.6847972227645623
26,valid,0.2828991413116455,0.5752559670845576,0.5336296430329396,0.6650600821309217,0.5487639704670935
26,test,0.25577401618162793,0.5853028549382716,0.5416928996152501,0.6845532319391635,0.552139581169955
27,train,0.2064150258898735,0.7110974544728741,0.6458880076838512,0.8170169655990738,0.6863220696543222
27,valid,0.28524773319562274,0.5750309984699038,0.5294234458308351,0.6688792359055824,0.5526098001126449
27,test,0.257144957780838,0.5859799382716049,0.5398813687769617,0.6878326996197718,0.5559406368985809
28,train,0.20585654228925704,0.7130041226217146,0.6478194337711558,0.8189681479611564,0.6880979739897614
28,valid,0.2873505850632985,0.5750832267811306,0.525727113947615,0.6728170378817341,0.5563818741211586
28,test,0.258229394753774,0.5868497299382717,0.5379813017372042,0.6914765525982256,0.5604880581516096
29,train,0.20529842376708984,0.7151403975019924,0.6501220955480435,0.8209840910228676,0.6900494291097298
29,valid,0.28944817185401917,0.5750313853462834,0.5221020865375621,0.6764199882670112,0.5599470491997993
29,test,0.2591783006985982,0.587108024691358,0.5352352221056313,0.6948708808618504,0.5645270854967117
30,train,0.20477026402950288,0.7172245891229272,0.6524082414132153,0.8228708055996703,0.6919943644013142
30,valid,0.29161888360977173,0.574989796135492,0.5192050547971043,0.6794666104186304,0.5625524431315302
30,test,0.26006312668323517,0.5878923611111111,0.5340474524892154,0.6976737431347697,0.5678586881273797
31,train,0.20428866147994995,0.7191299787192029,0.6543824370291247,0.8247000557069835,0.6938669648401514
31,valid,0.2938280900319417,0.5753269589001878,0.5177747484025498,0.6817235628736594,0.5645160672344893
31,test,0.26090453068415326,0.5886797839506173,0.5334324355835374,0.6998296894803548,0.5705672377985462
32,train,0.2038572296500206,0.7208122253775637,0.6560903923294683,0.8263106053101643,0.6956085079178911
32,valid,0.2960619529088338,0.5756293027907328,0.5169685478269004,0.6833516798607862,0.5656616742721181
32,test,0.2617465555667877,0.5894951774691359,0.5333122012358633,0.701345981199831,0.5730118553132572
33,train,0.2034803718328476,0.7222183224395919,0.657435188507461,0.8277585075641136,0.6970868790039676
33,valid,0.29832114775975543,0.5758871558976403,0.516437597851972,0.6845487083824955,0.5665256688774201
33,test,0.2626303434371948,0.5902573302469136,0.533254634487583,0.7027923003802281,0.5750865351332641
34,train,0.2031577616930008,0.7233689931114429,0.6584095700180717,0.8290232584644259,0.6984555583827725
34,valid,0.3005516529083252,0.5761347567804921,0.5159837027109501,0.685781331364652,0.5670946409345702
34,test,0.26354532937208813,0.5908383487654321,0.5330688177684505,0.704054446556823,0.5768280546902043
35,train,0.20287569910287856,0.7243380027730384,0.659108317191655,0.8301933714015473,0.6997154271121954
35,valid,0.3026795983314514,0.5763258737119434,0.5155290408551629,0.6869269456657153,0.56751227025598
35,test,0.2644489308198293,0.5913310185185185,0.532858225486767,0.7051713667089143,0.5783856870889581
36,train,0.202618744969368,0.7251989037122064,0.6596841401575783,0.8312737194050963,0.7008710226403683
36,valid,0.30467795332272846,0.5763730726302371,0.5150345098315834,0.6877680295829516,0.567759399533328
36,test,0.2653157462676366,0.5918676697530865,0.5329514981928414,0.7060387621461767,0.5796966943579093
37,train,0.2023818925023079,0.7259727920462666,0.6601467957145544,0.8322816643073747,0.7019757811283038
37,valid,0.30656055609385174,0.5764906830495917,0.5147592592308624,0.6884931019253966,0.5679758771173615
37,test,0.2661414643128713,0.5923653549382716,0.5330855777078233,0.7068071398394593,0.5808303046036691
38,train,0.20216490626335143,0.7267067256126754,0.660595589361813,0.8332580809743076,0.7029664426195191
38,valid,0.30834072828292847,0.5766937931488062,0.5145706473986135,0.6893407774093824,0.5682210906638774
38,test,0.2669242223103841,0.5927399691358024,0.5331351288329252,0.7073867237008872,0.5818341121495327
39,train,0.20196469873189926,0.7273688737798703,0.6609629872499452,0.8341575676818545,0.7039160027601782
39,valid,0.3100205461184184,0.5768880050912931,0.5143598008381726,0.6901989994001674,0.5684624727487289
39,test,0.26766253511110943,0.5930688657407408,0.5331555322373791,0.7079821504013519,0.5826421339563863
40,train,0.20177704840898514,0.7279872404005563,0.661307721106625,0.8350244343823927,0.7047545936596256
40,valid,0.3116021951039632,0.5769615116033898,0.5140761163750339,0.690851564508368,0.568586995252819
40,test,0.2683589557806651,0.5933476080246913,0.5331118106564067,0.7084165082382763,0.583623226029768
41,train,0.20159984081983567,0.7285676411131363,0.6616111556372454,0.8358606249620543,0.7055508497274712
41,valid,0.3130911588668823,0.5769984582976277,0.5138614362407669,0.6913848222584027,0.5685314390586865
41,test,0.269016573826472,0.5936039737654322,0.5330863064008394,0.7089208386142797,0.5843100986500519
42,train,0.20143220126628875,0.7291151812490322,0.6618890048248611,0.8366543429611617,0.7063133612781402
42,valid,0.314493864774704,0.5770833776629185,0.5136927589924142,0.691998497122781,0.5684816300570504
42,test,0.26963833967844647,0.5938082561728395,0.5330615308382884,0.7092984262779889,0.5849104361370716
43,train,0.2012732744216919,0.7296361292673468,0.6621474740698277,0.837411446666688,0.7070492208276447
43,valid,0.3158163030942281,0.5771901555436484,0.5135447830427229,0.6924612251085961,0.5687076862952447
43,test,0.2702278047800064,0.5939918981481481,0.5330017780109595,0.7096786544148712,0.5854945482866044
44,train,0.20112230330705644,0.7301193155908121,0.6623714603823565,0.8381436526525792,0.7077184724006853
44,valid,0.3170633614063263,0.5773334932422369,0.5134543107004246,0.6929878912918812,0.5688781863393065
44,test,0.27078791459401447,0.5941631944444445,0.5330323831176402,0.7100219159273342,0.585801748009692
45,train,0.20097864866256715,0.7305786444785708,0.662592200793161,0.8388353299440481,0.7083438913437119
45,valid,0.31823958953221637,0.5774126094618356,0.5132963674587853,0.6935158757885163,0.5688973436476281
45,test,0.2713209887345632,0.5943653549382715,0.5330119797131864,0.7104536332910858,0.5862885081343026
46,train,0.20084174871444702,0.7310146131455093,0.6627951842121784,0.8394904461990902,0.7089548609373469
46,valid,0.3193495472272237,0.5774509102234018,0.5130594525963262,0.6940432011284762,0.5689126694942854
46,test,0.2718289991219838,0.5944841820987654,0.5329259939372741,0.7107916138572032,0.586656282450675
47,train,0.20071108490228654,0.7314360649135343,0.6629842675343993,0.8401325943370603,0.7095473283152975
47,valid,0.3203974465529124,0.5774986894562646,0.5128750576952861,0.694507247427641,0.5689356582642713
47,test,0.2723136047522227,0.594643325617284,0.5329500408068089,0.7111784431770174,0.5868434146763586
48,train,0.20058615058660506,0.7318216639367201,0.6631510114153398,0.8407404448676612,0.7100701921199593
48,valid,0.32138725121816,0.5775518849584398,0.5126860625056545,0.6949963416804541,0.5689605627650893
48,test,0.27277636528015137,0.5948445216049383,0.5329726302903113,0.7116154414871144,0.5871884735202493
49,train,0.20046649724245072,0.7321983219707894,0.6633204283918184,0.8413250486504105,0.7105809854315316
49,valid,0.32232274611790973,0.5776571153336519,0.5125902231599996,0.69544588653277,0.56906784369169
49,test,0.27321858207384747,0.5950430169753087,0.532992669348257,0.7120220743557245,0.5875757182416061
