0,train,0.2333142042160034,0.5121966456463154,0.4940188215438071,0.5275615260283555,0.5284149587317519
0,valid,0.23039295276006064,0.5474494207493409,0.542361977557611,0.5578755372060156,0.5437957102173276
0,test,0.2314381798108419,0.5338314043209876,0.5297786435011045,0.5637627495659723,0.5015132090132091
1,train,0.23045122176408767,0.5549971161536593,0.5241525366537273,0.5965090620934577,0.5561217256490452
1,valid,0.2299692134062449,0.5548031669700423,0.5067346252299147,0.6181959642417649,0.5733643666089523
1,test,0.23087012767791748,0.5378132716049383,0.5006597408800525,0.6097317165798611,0.5315170940170939
2,train,0.22965898960828782,0.5754738191501603,0.5384417808087862,0.6305759732482036,0.5678273006712251
2,valid,0.22951261699199677,0.5741990208158836,0.5316652233622869,0.641642745637568,0.5734665493457467
2,test,0.2304729868968328,0.5548591820987654,0.5213811272314766,0.6330986870659722,0.5299436674436675
3,train,0.22884731292724608,0.5939284113558196,0.5606122607678161,0.64602935261894,0.582727826718166
3,valid,0.22924398879210153,0.57420153551235,0.5222280802620373,0.647953390610271,0.5863964500960328
3,test,0.22998292247454324,0.5561246141975309,0.5201982207893008,0.6329983181423611,0.5395376845376845
4,train,0.22822031676769255,0.6047841306055651,0.5555368903884418,0.673967067921246,0.6016155555754703
4,valid,0.2289861092964808,0.5805706813473356,0.5224113759422233,0.664102432496379,0.5927024495472737
4,test,0.22965364158153534,0.5637185570987654,0.521363215714371,0.6494635687934027,0.5511596736596737
5,train,0.22762612104415894,0.6148275960654676,0.5656215255245158,0.6860709420836273,0.6080405871651715
5,valid,0.22876320779323578,0.5822694555295274,0.525586247973211,0.6654669639425695,0.5913939428344357
5,test,0.22928354640801749,0.567927276234568,0.5255563765000896,0.6561537000868056,0.5518550893550893
6,train,0.2270605355501175,0.6222186775930821,0.5709088250086006,0.6972812094506127,0.6138197101812936
6,valid,0.22857282062371573,0.5840483131222665,0.5237302301096355,0.6728892638916186,0.5932918925567445
6,test,0.228981946905454,0.5718667052469135,0.5253447967042808,0.6668646918402777,0.5569007381507382
7,train,0.22653038501739503,0.6289555219974969,0.5741495534649546,0.7096055496095934,0.6191758000483928
7,valid,0.2284050832192103,0.5852056538114093,0.523993841901313,0.6767625302168603,0.592470646116583
7,test,0.2286933958530426,0.574826774691358,0.5270874380560033,0.6727715386284723,0.5588092463092463
8,train,0.22601450979709625,0.6343806247434016,0.5791268582236851,0.7166902116976831,0.6228104976386137
8,valid,0.22826126714547476,0.5862210108692918,0.5245850798111538,0.6798621447680234,0.5913447437389421
8,test,0.2284302959839503,0.5773846450617285,0.5288696340080005,0.6774956597222221,0.5602836052836053
9,train,0.2255136027932167,0.6392142992608545,0.582436472266544,0.7242390030690671,0.6265646983967667
9,valid,0.22814247012138367,0.5868295674141764,0.5245429337328463,0.6825029512687012,0.5904298297900523
9,test,0.2281934122244517,0.5791984953703704,0.5298514090393456,0.6809326171875,0.5619386169386169
10,train,0.22502292394638063,0.6434693488331786,0.5854997048253576,0.7305967118876648,0.6300107539408712
10,valid,0.22804448505242667,0.587158412336714,0.5249214532285884,0.6836915958633416,0.5893408267340315
10,test,0.22797409196694693,0.5808024691358025,0.5311652934503552,0.6834445529513888,0.5629972804972805
11,train,0.22454187870025635,0.6472971132414006,0.5887403565930542,0.7357719355672071,0.632907238298368
11,valid,0.22796798249085745,0.587368873087138,0.5250741333613247,0.6847293908806735,0.5884382125590153
11,test,0.2277789612611135,0.5821140046296297,0.5323015553167353,0.6853895399305555,0.5638578088578088
12,train,0.2240673914551735,0.6507865673136617,0.59167548074969,0.7405270130739402,0.6355286906180828
12,valid,0.2279140998919805,0.5874949947868409,0.5254176636599814,0.685387871193239,0.5872422960839412
12,test,0.2276050349076589,0.5832681327160494,0.533381097378948,0.6870103624131945,0.5645376845376845
13,train,0.223600135743618,0.6539542700814438,0.5945237166574973,0.7445695799177836,0.6379474759604613
13,valid,0.22788081069787344,0.5874837753718366,0.5255687533746684,0.686005040003305,0.5858949977765793
13,test,0.22745305796464285,0.5841466049382716,0.5343654845065376,0.6880601671006945,0.5648951048951049
14,train,0.223137204349041,0.6568826082756446,0.5971722744736129,0.7482661532822409,0.6402164230600338
14,valid,0.22787045935789743,0.5874953816632202,0.5258586070641598,0.6862435200404602,0.5849015545021903
14,test,0.2273220419883728,0.5848493441358025,0.5351632933309451,0.6888841417100694,0.5651767676767676
15,train,0.22267929315567017,0.6596625988569741,0.5997853829578478,0.7516532721756657,0.6423485710701067
15,valid,0.2278821369012197,0.5874412189700964,0.526072915896308,0.6865508525817812,0.5836621157503334
15,test,0.22721230487028757,0.585507137345679,0.535979013672458,0.6894002278645833,0.5656264568764569
16,train,0.2222251072525978,0.6622560273098829,0.6022782436272875,0.7547627575135105,0.6442948551354548
16,valid,0.22791693607966104,0.5873828006367985,0.5264363264205812,0.686635979314204,0.5823829392675011
16,test,0.22712428867816925,0.5860769675925925,0.5367801809063228,0.6899102105034722,0.5656798756798758
17,train,0.22177477777004242,0.6647160068388356,0.6047071843007888,0.7576362071481832,0.6461205606387841
17,valid,0.22797481218973795,0.5873032975408203,0.5265746927908737,0.686796217869353,0.5814226107689251
17,test,0.22705861429373422,0.5864157021604939,0.5374376828467371,0.6898220486111111,0.5658003108003109
18,train,0.22132783532142639,0.6670420935019696,0.6070460924905087,0.760287382183978,0.6478609515445348
18,valid,0.2280563215414683,0.587270026172187,0.5268041105944903,0.6869214042405631,0.5805247272761678
18,test,0.22701574365297952,0.5868076774691358,0.5381813839632217,0.6899007161458334,0.5657255244755245
19,train,0.22088422924280166,0.6692454746342273,0.6092808766556506,0.7627510916618506,0.6495459148467115
19,valid,0.22816173235575357,0.5871133412385074,0.5269854182521146,0.6870015235181377,0.5792058130623599
19,test,0.2269961138566335,0.5870557484567901,0.5386978327064302,0.6899271647135417,0.5655924630924631
20,train,0.2204439029097557,0.6713810214498501,0.6114956259090483,0.7650851584314626,0.6511569896134854
20,valid,0.22829140226046243,0.5869868326624252,0.5272255713775644,0.6868851001929122,0.5781915547860312
20,test,0.22700012723604837,0.5873379629629629,0.5394844468326467,0.6896308051215279,0.5653904428904429
21,train,0.22000690102577208,0.6734115937725966,0.6136050816358427,0.7672889272021332,0.6527071253819889
21,valid,0.2284455547730128,0.5868156398645159,0.5274104574757998,0.686857559191246,0.5769559005799816
21,test,0.22702820599079132,0.5874552469135802,0.5400479133082572,0.6893310546875001,0.5649436674436674
22,train,0.21957328617572786,0.6753761164249965,0.615679394785386,0.7693517560532084,0.6542470000985778
22,valid,0.22862442831198374,0.5867247239153438,0.527721384204445,0.6867711805951111,0.5759019045726774
22,test,0.22708070278167725,0.5874876543209876,0.5404318914562063,0.688848876953125,0.5647979797979797
23,train,0.21914318203926086,0.6772620169734956,0.6177082507332586,0.7712993848026244,0.6556932707214999
23,valid,0.22882813215255737,0.5866769446824809,0.5279881768322212,0.6868625666460944,0.5748952153879633
23,test,0.22715788582960764,0.5874733796296296,0.5407845244492209,0.6883232964409722,0.5645609945609946
24,train,0.21871672123670577,0.6790654064873758,0.619633787887456,0.7731654953913669,0.6571039637233728
24,valid,0.22905675073464712,0.5865719077454585,0.5282915490751321,0.6866635203158703,0.5739604325735858
24,test,0.22725994884967804,0.5875765817901234,0.5412938832169085,0.6878770616319445,0.5643939393939394
25,train,0.21829405874013902,0.6808277757731336,0.6215369894701872,0.774965500256245,0.6584728507801088
25,valid,0.2293102890253067,0.5865546917465728,0.5286120183120734,0.6866403608371963,0.5731486474979421
25,test,0.22738702098528543,0.5875673225308642,0.5417718968296614,0.6872965494791667,0.5639345376845377
26,train,0.21787537187337874,0.6825305769397418,0.6233827320763654,0.7766963588485001,0.659793613951446
26,valid,0.22958870232105255,0.5864991749861208,0.528934077967064,0.6864807482139035,0.5723520006055274
26,test,0.22753910720348358,0.5875461033950617,0.5421890859155771,0.6865634494357639,0.5637917637917638
27,train,0.21746084243059158,0.6841976141498833,0.6251950192557549,0.778373981625859,0.6611030854848683
27,valid,0.229891836643219,0.586464936426539,0.5292127987302102,0.6865383339446601,0.5714342482472822
27,test,0.22771616280078888,0.5875979938271605,0.5426876231416802,0.6858954535590278,0.5637121212121212
28,train,0.2170506462454796,0.6858022508917904,0.6269434823000278,0.779953127319729,0.6624151558873346
28,valid,0.23021950324376425,0.5863620273096035,0.5293281040387872,0.6865308227623874,0.570667877721325
28,test,0.22791802883148193,0.5875088734567901,0.5430062988835154,0.6851901584201389,0.5634440559440559
29,train,0.21664495915174484,0.6873608774990375,0.62863308679975,0.7815001899818741,0.6636874367085772
29,valid,0.230571448802948,0.586298386145183,0.5295090140918991,0.6864569628033735,0.5700377508444268
29,test,0.2281444569428762,0.5875219907407407,0.5433734849841781,0.6845350477430555,0.5634926184926184
30,train,0.21624395549297332,0.6888655385334435,0.6302677247042847,0.783007699298535,0.6648834541658079
30,valid,0.23094737033049265,0.5862713047986212,0.5296569229704874,0.6865395858083723,0.5694284389694682
30,test,0.2283951292435328,0.5874023919753086,0.5435921547555077,0.6838799370659723,0.5632595182595183
31,train,0.21584779471158982,0.6903382979055888,0.6318850501444124,0.7844502037796748,0.6660700619247761
31,valid,0.23134688039620718,0.5861842576132436,0.5297523480534476,0.6865796454471594,0.5687150520848117
31,test,0.22866962850093842,0.5873163580246914,0.5438365723326766,0.683184814453125,0.5631857031857032
32,train,0.21545663774013518,0.6917682080091374,0.633446507897628,0.7858527355292945,0.6672393289540897
32,valid,0.23176961143811545,0.5860538802733669,0.5298096031032238,0.6865445932632206,0.5679940961085408
32,test,0.22896748781204224,0.5872818287037038,0.5441656964594901,0.6825100368923611,0.5631216006216007
33,train,0.21507062166929244,0.6931505985756925,0.6349426844312362,0.7872263558540837,0.6683707779580059
33,valid,0.23221507668495178,0.586007455107832,0.5299201371576525,0.6865971715391288,0.5674245219645577
33,test,0.2292881707350413,0.5872297453703703,0.5444466833840826,0.6819240993923612,0.5629671717171717
34,train,0.21468988209962844,0.694503236158603,0.6364262648528675,0.7885649050216446,0.6694414671959995
34,valid,0.23268278936545053,0.5859654790206611,0.5300509490422105,0.6866710314981429,0.5667962873605632
34,test,0.22963106632232666,0.5870935570987654,0.5447105051047824,0.6811211480034722,0.5627447552447552
35,train,0.21431452929973602,0.6958100056682497,0.637847133124914,0.7898544908695466,0.6705109466156451
35,valid,0.23317224780718485,0.5859652855824714,0.5302338471178842,0.6868106143020422,0.5661491300275325
35,test,0.2299955189228058,0.5870534336419753,0.5448899934324437,0.6807040744357639,0.5626728826728826
36,train,0.21394468247890472,0.6971067953648208,0.6392694201371225,0.791109922967173,0.671585130884422
36,valid,0.23368286589781442,0.5859343354721149,0.5303423931497514,0.6868913595114727,0.5656174013416215
36,test,0.23038082321484885,0.5869780092592592,0.5450832885545406,0.680126953125,0.5626165501165501
37,train,0.21358041167259217,0.6983580543839436,0.6406561619566282,0.7923204807589881,0.6725893249213619
37,valid,0.2342140624920527,0.585896615025118,0.5304413966733226,0.6869714787890473,0.5650762112911925
37,test,0.23078625897566477,0.5869058641975309,0.5452743447369992,0.6794189453125,0.5627700077700077
38,train,0.21322180479764938,0.6995803062417516,0.6420080104370196,0.7934859283403468,0.6736057963741295
38,valid,0.23476527134577432,0.5858919725085645,0.5305813534616641,0.6871254580256357,0.5644877144181735
38,test,0.23121105631192526,0.5868329475308642,0.5453974864170995,0.67890625,0.5628166278166278
39,train,0.21286893039941787,0.7007846050906281,0.6433241220030648,0.7946575880773583,0.6746045686325468
39,valid,0.23533583184083304,0.5858639239710539,0.5306803569852353,0.6872518962605579,0.5639238170929012
39,test,0.23165441552797952,0.5868632330246913,0.5456396650546301,0.6784084743923612,0.5630516705516706
40,train,0.21252183616161346,0.701951861430473,0.6445970961993255,0.7957878596549796,0.6755879717171356
40,valid,0.2359251230955124,0.5858751433860581,0.5308234946096757,0.6873708233132074,0.563458317958616
40,test,0.23211553196112314,0.586765625,0.5457915397934205,0.677825927734375,0.562999222999223
41,train,0.21218056231737137,0.7030967608581077,0.6458372859945498,0.7969116831723031,0.6765461926568508
41,valid,0.23653249939282736,0.5858258166476775,0.5308906897722601,0.6874121348157068,0.5629947110972344
41,test,0.23259355624516806,0.5866184413580247,0.5458400501522479,0.6772677951388889,0.5629312354312355
42,train,0.21184514313936234,0.7042063935441619,0.6470304081262983,0.7979851541537253,0.6775225160636993
42,valid,0.237157275279363,0.5858234953894008,0.5309908861093683,0.6874672168190392,0.5626616710662011
42,test,0.23308772345383963,0.5865262345679012,0.54595274344737,0.6767049153645834,0.5629797979797979
43,train,0.2115155875682831,0.7053199595551205,0.6482386379235534,0.7990679040511852,0.6784675186177601
43,valid,0.23779880503813425,0.5858476751631168,0.5310350202102374,0.6876462333298698,0.5624043219513117
43,test,0.23359712958335876,0.5864305555555556,0.5461049913427667,0.676095920138889,0.5629739704739705
44,train,0.21119191348552704,0.7063805988171968,0.6493937416533982,0.8000768420063764,0.6793957629472968
44,valid,0.23845640818277994,0.58578848307706,0.5310103687304726,0.6877025671969144,0.5620883123764109
44,test,0.23412098983923593,0.5863420138888888,0.5461889515791988,0.6754828559027777,0.5631876456876457
45,train,0.21087411046028137,0.707410907971207,0.650516732007959,0.8010629234226263,0.6802850690492619
45,valid,0.23912937939167023,0.5858024106267203,0.5310731902434215,0.6878114793398673,0.5618423168989432
45,test,0.23465845982233682,0.5862829861111112,0.5462673144665353,0.6750596788194445,0.5632925407925409
46,train,0.21056216955184937,0.708413000180418,0.6516102930902445,0.802010866921262,0.6811659512308781
46,valid,0.2398170828819275,0.5857610148541186,0.5311002273502601,0.6879053691182748,0.561433585951766
46,test,0.2352087398370107,0.586223186728395,0.5464027703146457,0.6745510525173611,0.5633673271173272
47,train,0.21025606840848923,0.7093924513546264,0.6526608510078961,0.8029600423663773,0.6820309713497091
47,valid,0.24051880836486816,0.5857227140925525,0.5311352165473455,0.6880267998983487,0.5609794404549024
47,test,0.23577102522055307,0.5861948302469135,0.5465072541644278,0.6741495768229167,0.5635275835275835
48,train,0.2099557876586914,0.7103516587798916,0.653685488159348,0.8038723642636127,0.6829174097341089
48,valid,0.24123387535413107,0.5856964064987494,0.5311296500841729,0.6881369639050136,0.5606974917922662
48,test,0.23634450634320578,0.5861684027777778,0.546510612573885,0.6739067925347222,0.5637334887334887
49,train,0.20966129004955292,0.7112834217191987,0.6546822681560012,0.8047713444425899,0.6837532597883266
49,valid,0.241961603363355,0.5856198049756172,0.5310246824929166,0.6882371130019818,0.5604212199483409
49,test,0.23692843317985535,0.5861184413580247,0.5466206937727626,0.6734320746527778,0.5638752913752914
