0,train,0.3314456656575203,0.5098833711453415,0.5047543198397494,0.5205519884031379,0.5033062137841154
0,valid,0.2325015515089035,0.4897930404808099,0.3704527807491194,0.6445781513508428,0.5599032046899848
0,test,0.23231195906798044,0.4895144675925926,0.3874350227420403,0.6139480477573411,0.5820385892452219
1,train,0.2362155482172966,0.49750658276994153,0.48743396994677035,0.5059222676560072,0.5059327354591968
1,valid,0.23292317986488342,0.5460272631784603,0.4868143537648729,0.6470728937802772,0.5480957363279798
1,test,0.23294097185134888,0.5575135030864198,0.4946537745879851,0.6555138754436916,0.5823017897635244
2,train,0.23177374750375748,0.506507983495307,0.5098656621882196,0.5054954634294371,0.5006467845968525
2,valid,0.2309116224447886,0.5484953410412005,0.64308580657122,0.4501058233053154,0.4601412943154062
2,test,0.23090958098570505,0.5696815200617285,0.6411232205091855,0.5160192804130365,0.45459588597343703
3,train,0.2316780149936676,0.5012867477316346,0.5072780290360626,0.4967378909211043,0.4954969571784721
3,valid,0.2317090928554535,0.5483177647830301,0.6512139234094574,0.4388354733157297,0.45551640787490955
3,test,0.23171992599964142,0.5687681327160494,0.6504293667670861,0.4993069000752931,0.44945132815030775
4,train,0.2316115602850914,0.49252672707590767,0.49586818794501053,0.4854769867782028,0.4969807908234649
4,valid,0.23102030158042908,0.5516549604322183,0.6522265928308745,0.4466422097249938,0.45825634255892855
4,test,0.23102537790934244,0.5731371527777778,0.6515923120089787,0.5089666021297192,0.4546444768383544
5,train,0.23124118894338608,0.49900961009829226,0.5004927292838021,0.4945305407080412,0.5032850243418674
5,valid,0.23078594108422598,0.557693326962769,0.6436574935597948,0.47335805903260697,0.47053980883923596
5,test,0.23078663647174835,0.5819209104938272,0.6433464764605115,0.5418838066042809,0.47378219144800776
6,train,0.23111936151981355,0.498366950978874,0.5045204650263029,0.490604355819814,0.4976822010094809
6,valid,0.2308321346839269,0.5550975798948083,0.6133615737914483,0.5036107583667601,0.48837205085289764
6,test,0.2308330535888672,0.5819768518518519,0.6134528767204205,0.5747337850919652,0.5065769760285066
7,train,0.23122663497924806,0.497368188333634,0.5041085084774319,0.4912996883436466,0.49247356297696065
7,valid,0.2309453288714091,0.5596948319118851,0.6040768961662841,0.5276719544724624,0.499155897024877
7,test,0.23094477752844492,0.5846857638888889,0.6014213775178687,0.590587689577283,0.5299097019760286
8,train,0.23138305991888047,0.4922852138237103,0.4983688665763905,0.48580435428802793,0.4895760719478921
8,valid,0.23099169631799063,0.5645348488570705,0.6143882057173353,0.5270598590366383,0.4985629396180774
8,test,0.23098472754160562,0.591106674382716,0.6152884842577825,0.5902024846724749,0.5261621315192744
9,train,0.23122773468494415,0.5017812368149266,0.5097778496277667,0.49315030319013065,0.49841127641323446
9,valid,0.23094612856705984,0.566587228050085,0.6253266644274946,0.518868799258229,0.4936651477044207
9,test,0.23091480632623038,0.5935171682098765,0.6295443469785574,0.580536060019361,0.5142786281179139
10,train,0.23102154284715654,0.5130368233793281,0.530781373830726,0.49719786659468646,0.49991806161625485
10,valid,0.23072191576162973,0.564662518062291,0.6476278868447609,0.4853453199223291,0.4777477773163872
10,test,0.23057125508785248,0.591386574074074,0.6538425187547995,0.5468477734753145,0.48720136864269514
11,train,0.23024963438510895,0.5270693284473684,0.5896308245293262,0.4668572222261322,0.4882554542769722
11,valid,0.23025023440519968,0.5720027236097114,0.6572131461633752,0.4934073760523539,0.47886569242737187
11,test,0.22895252207914987,0.5973703703703703,0.6626174020910863,0.5512497310960525,0.48791403466148364
12,train,0.22612383514642714,0.5680101353703043,0.6490112652809066,0.504024198492971,0.49396589883058944
12,valid,0.22776593764623007,0.6015966388180153,0.6300576263587263,0.6176083261104728,0.5134575944787868
12,test,0.234991321961085,0.6190408950617284,0.6377248360800992,0.6422273313972249,0.5328950032393911
13,train,0.22101096510887147,0.6279012222252213,0.662689119744897,0.6542941395523294,0.504379650664071
13,valid,0.22115536034107208,0.663769800816696,0.6439189026712597,0.7732122580341726,0.5624917267028486
13,test,0.2245652973651886,0.6726267361111111,0.6488034585622304,0.7637786382704097,0.6006903952057013
14,train,0.2072511777281761,0.698157889876847,0.7125846144125704,0.741154116923296,0.5923647347064209
14,valid,0.2114588568607966,0.7117879298438374,0.6944313653700412,0.7697419255138309,0.6741581183484957
14,test,0.19223984579245249,0.7636929012345679,0.744806249630811,0.806850328062816,0.7504919825072887
15,train,0.19277449399232865,0.7496300987610826,0.7366782320014478,0.79390986205232,0.7035004077535914
15,valid,0.2098330855369568,0.7370761043869848,0.7203007833740702,0.7846001894741085,0.7121617921457624
15,test,0.1894488384326299,0.7764054783950617,0.752294878610668,0.8190558782402926,0.7782920310981536
16,train,0.18365484476089478,0.7793721880722411,0.7726362371996082,0.8003441395316295,0.7588831780674383
16,valid,0.21557867527008057,0.7546495770473981,0.765539297856678,0.7600800897650387,0.7218648963775198
16,test,0.192048117518425,0.7853375771604938,0.7867040285899936,0.7948262880499086,0.7673023971493359
17,train,0.175832100212574,0.8027182649047265,0.7979817931781166,0.8181878681720122,0.7870803785588572
17,valid,0.19547190765539804,0.7770067761397862,0.7568352277090555,0.8081473866682791,0.7821398327751314
17,test,0.18202962974707285,0.808039737654321,0.7837305806604051,0.8400276971065934,0.8265265630061549
18,train,0.16642445027828218,0.8257188661795856,0.8222907202229031,0.8325769794918694,0.8217868787925137
18,valid,0.19307982921600342,0.7841574122612731,0.7565606317878134,0.8225689195272554,0.7968368351669075
18,test,0.18860898415247598,0.8019529320987654,0.7681892019611317,0.8403221469291169,0.8367549400712664
19,train,0.16747482717037201,0.822055759808274,0.8097503923581426,0.8333898093174816,0.8305571052384882
19,valid,0.20263642072677612,0.7789883569553602,0.8031775557394814,0.7496428883379358,0.7620409340076486
19,test,0.19485564529895782,0.806102237654321,0.8093279284068758,0.7982978380122621,0.8090095562034338
20,train,0.15974798202514648,0.8411346940920927,0.8355153152281761,0.8423197595013165,0.8518113492943431
20,valid,0.20731433232625326,0.7994506355411723,0.7788765924042425,0.8229048665282566,0.8158966984784386
20,test,0.20750113328297934,0.8167557870370371,0.7889523893909859,0.8490541303646338,0.8443563735017816
21,train,0.15103932619094848,0.8572323456751538,0.8397715820379534,0.8708910875308066,0.8734219372137002
21,valid,0.22077019015947977,0.8065577480699704,0.8041153706230457,0.8117588169290413,0.8052488517116886
21,test,0.2151482899983724,0.8251070601851852,0.8120318683915175,0.8399584543401097,0.8385953190800128
22,train,0.1453980326652527,0.868819539053388,0.8514086476358667,0.8826772493760041,0.8845577159878175
22,valid,0.21635671456654867,0.8155771905424201,0.7922038029208007,0.8413591071872502,0.8354262130693616
22,test,0.2153951476017634,0.8301983024691357,0.8013682143068108,0.8582271162740669,0.8670432458697765
23,train,0.13953107744455337,0.8775259048955777,0.8647773543048631,0.8866733220008768,0.890751244582375
23,valid,0.22989622255166373,0.8136470642853136,0.7746281125719165,0.8580597045010179,0.8449298515067827
23,test,0.22474196056524912,0.8333966049382716,0.7951193218737078,0.8764157792836399,0.8735726433430515
24,train,0.14045058488845824,0.8744017883398847,0.8607800204681464,0.8808014583844792,0.8942778990505016
24,valid,0.24614887436230978,0.8107174429018824,0.8031577755248157,0.8112649748375697,0.8276506737410535
24,test,0.2256618688503901,0.8394957561728396,0.8264653110047847,0.8472995321071314,0.8634738419177194
25,train,0.13496751412749292,0.8862728647817013,0.8703838440489488,0.8963342083833405,0.9050365850478133
25,valid,0.22834203143914542,0.8177649764682442,0.7965663098729645,0.838633905115129,0.8391598500742556
25,test,0.21831493576367697,0.8349637345679012,0.8113820958119203,0.8572577175432935,0.8660532069970845
26,train,0.1339277744293213,0.8877873635677866,0.8743715249393131,0.8931048050057111,0.9090408169450692
26,valid,0.21209746102492014,0.8139310315478344,0.7889668289678529,0.838041294605363,0.8397546208064584
26,test,0.185818483432134,0.8366400462962963,0.8097960600153583,0.8607198558674842,0.8739856656948494
27,train,0.13243351727724076,0.8888332462023437,0.8785009383833908,0.8940411609530359,0.9033074208334243
27,valid,0.21558761099974313,0.8096026586144798,0.818281882797186,0.7938467947296635,0.8105745884204665
27,test,0.19534053405125937,0.8345922067901235,0.8256571563589107,0.8333884586425728,0.8609045999352122
28,train,0.12960125878453255,0.8946294754667072,0.8819291579042615,0.8997912061821227,0.9145316578196706
28,valid,0.19569753110408783,0.8237679438100747,0.7857112383422784,0.8682651024974302,0.8526872575810602
28,test,0.19276907046635947,0.8332357253086419,0.7905738673282532,0.8794147305582447,0.8806760204081632
29,train,0.12343125343322754,0.9023526166288547,0.890418348944455,0.9049107610451086,0.9249569955644021
29,valid,0.2081330269575119,0.8261004215018155,0.8029537678206159,0.8474397479053706,0.8514143031481143
29,test,0.21127072970072427,0.8435036651234568,0.8151895416149803,0.8694552006023448,0.8820618723679948
30,train,0.11906414553523063,0.9098494983812104,0.895276764597595,0.9168529218404119,0.9308459424464792
30,valid,0.19993183513482413,0.8240176725130135,0.8161270029406585,0.8247377933657186,0.8414917865425868
30,test,0.18759103119373322,0.847554012345679,0.8339055762301376,0.8498843713025706,0.8814686588921283
31,train,0.11746149137616158,0.9102615563394189,0.9009177124350229,0.9104777681960654,0.9310013610582282
31,valid,0.19479240973790488,0.8299123144685963,0.8059363139143338,0.8513730153930916,0.8570011587149327
31,test,0.18536458909511566,0.8507644675925926,0.8208772668202493,0.8723956652683662,0.900141723356009
32,train,0.11774226576089859,0.9099474852291664,0.8937408540770926,0.919068500228319,0.9310296430164884
32,valid,0.2205026000738144,0.8251191095653251,0.8061290740454883,0.8467584473873402,0.8403113117051968
32,test,0.20777595539887747,0.8382449845679013,0.8066465089491406,0.8664757448639345,0.8823767006802722
33,train,0.11489170119166374,0.9160616390191513,0.9044966154234972,0.9196221425463499,0.9361253294275449
33,valid,0.2701345384120941,0.8259458643882226,0.8086671470802465,0.842232569389853,0.8443604673302229
33,test,0.26773035526275635,0.8440260416666667,0.8151936026936026,0.8731701086371948,0.8791980482669258
34,train,0.11496207341551781,0.9156051069651283,0.8998460793827107,0.9225120948995251,0.9394455960850016
34,valid,0.2354362110296885,0.8405059569290527,0.8117745800195011,0.8751352186679029,0.8609415148157752
34,test,0.24328569074471793,0.8432932098765431,0.8126461988304094,0.8754114230396901,0.8789621801101394
35,train,0.11161873042583466,0.9179705801503295,0.9057671186715673,0.9212494323076853,0.9399560369734181
35,valid,0.2792721639076869,0.8325906596435708,0.8101359249810149,0.8566856812669232,0.85256848476716
35,test,0.28059372305870056,0.8414596836419753,0.8049127975663063,0.8749892438420996,0.8911807580174926
36,train,0.11095952615141869,0.920697732771149,0.9059706690837384,0.9286875471179447,0.9403634381416305
36,valid,0.2550342877705892,0.8277599277314923,0.8086760675692133,0.8424079337243756,0.8526056579379226
36,test,0.2617207467556,0.8385453317901234,0.8053798216078918,0.8683876519307304,0.8845470926465825
37,train,0.10672026872634888,0.925170162916009,0.9134435511298042,0.9292791477142647,0.9446650711295655
37,valid,0.2871653040250142,0.834141260172431,0.8215979776087969,0.8425604536628302,0.8521024601385744
37,test,0.25367748737335205,0.8496618441358025,0.8273982515210585,0.8616179950521674,0.8927042840945902
38,train,0.10600143373012542,0.9264404315256968,0.9129870935232044,0.9317146874680448,0.9478521218340947
38,valid,0.2538484533627828,0.8340062403160006,0.8184823998752684,0.843145001444572,0.8579640345039558
38,test,0.23071018854777017,0.8551753472222221,0.8299475013290802,0.8710309777347531,0.9004737609329446
39,train,0.10319827646017074,0.9289327389010983,0.9171307621264406,0.932585787261419,0.9493741493386074
39,valid,0.2624398022890091,0.8297536951530192,0.8126127181350438,0.8432612391069185,0.8515965423511214
39,test,0.24938554565111795,0.8472222222222222,0.8212265195817827,0.8698047757341079,0.8844964771622934
40,train,0.10374122262001037,0.929226450837523,0.9213266151426843,0.9287388308995187,0.9479025183453874
40,valid,0.2799052943785985,0.8392600215490144,0.8114107792085897,0.8643076468256367,0.8705630194043952
40,test,0.24788881341616312,0.852795524691358,0.8151840037804949,0.8870858879208348,0.9042901684483318
41,train,0.09812173917889595,0.9370235615928493,0.9254854944492632,0.9405719813155227,0.9570469300771314
41,valid,0.27889444430669147,0.8360632620255686,0.8123292017248347,0.8620420202508853,0.8564898009512706
41,test,0.25829551617304486,0.8536325231481481,0.8231739913757458,0.8814557115198451,0.8952522675736961
42,train,0.09325519427657128,0.9411454108486605,0.9331271177979271,0.9417007420054225,0.9583134067407272
42,valid,0.31245095531145733,0.8413491539980773,0.8286548600763128,0.8510908199122506,0.8578788082100122
42,test,0.291700800259908,0.8500079089506173,0.8274798422824738,0.8656387813273099,0.888242022999676
43,train,0.09188750013709068,0.943233828796129,0.9334033675717166,0.9455900294806707,0.9614294882322384
43,valid,0.293602392077446,0.8377599083876733,0.8201012746990886,0.8542010172475191,0.856854279357285
43,test,0.24182333052158356,0.8602934027777778,0.832150451887294,0.8794429654727332,0.9086248785228378
44,train,0.09260288551449776,0.9417192234639967,0.9325616696516047,0.9447229144009,0.9572923928052108
44,valid,0.3041697641213735,0.8379928079681058,0.8240685652052837,0.8492115323886503,0.8554045256975409
44,test,0.26066286365191144,0.8544677854938272,0.8284301346801347,0.8740722813810906,0.8963415127955945
45,train,0.0932521529495716,0.941545082828897,0.9329144994664553,0.9419404975654952,0.9603685183214228
45,valid,0.31327706078688305,0.8397115062838396,0.8172218959995099,0.8615548970994336,0.8628092399809238
45,test,0.25322159131368,0.8581130401234568,0.8241058243251225,0.889139641819942,0.9046394152899256
46,train,0.09166821390390396,0.942496237148771,0.9318191923194528,0.9462322669894734,0.9602551261710142
46,valid,0.33894848823547363,0.8414462599693208,0.8215793609361705,0.8596722501058234,0.8632943045262415
46,test,0.28405993183453876,0.8630951003086419,0.8387054019729459,0.881736716144993,0.9019001052802074
47,train,0.08972185403108597,0.9438317740911267,0.9369370284681965,0.9431455370586646,0.9605754788197206
47,valid,0.33181026577949524,0.8434910950729358,0.8210701173703638,0.8650608400018812,0.8667976492049475
47,test,0.2886925935745239,0.8581676311728395,0.8299534083525312,0.8814866354738087,0.9004160592808552
48,train,0.08720687851309776,0.9479046831959836,0.9358674625114665,0.9532596199266316,0.9659799760211283
48,valid,0.3421161671479543,0.8438663651610083,0.8271860821755442,0.8559345037726848,0.8665746101803715
48,test,0.30329738060633343,0.8585115740740742,0.8320670151810503,0.8791001129396578,0.9000192338840299
49,train,0.08258893117308616,0.952746837003016,0.9456730229205798,0.9534383627939944,0.9675493603872143
49,valid,0.3358334998289744,0.8363864972406042,0.8217825929456772,0.8476534101980071,0.8553220193917019
49,test,0.2833898762861888,0.854990162037037,0.831650570027763,0.8714323168764118,0.8942278101716876
